-3.00000000000000E+00  1.38875935842977E+02  5.75825487100943E+01  6.32588112415465E+01 
-2.99399399399399E+00  1.41625344958422E+02  5.86615291787619E+01  6.47566952711507E+01 
-2.98798798798799E+00  1.44343345216004E+02  5.97482638768803E+01  6.61810042129026E+01 
-2.98198198198198E+00  1.47027743931649E+02  6.08408998083683E+01  6.75224788205066E+01 
-2.97597597597598E+00  1.49674733441522E+02  6.19385742621972E+01  6.87724808638735E+01 
-2.96996996996997E+00  1.52282144669352E+02  6.30394587339264E+01  6.99207043616734E+01 
-2.96396396396396E+00  1.54847371701262E+02  6.41420356474642E+01  7.09638057400704E+01 
-2.95795795795796E+00  1.57367870279293E+02  6.52447962278485E+01  7.18930987882342E+01 
-2.95195195195195E+00  1.59841161965469E+02  6.63462449389156E+01  7.27022006045044E+01 
-2.94594594594595E+00  1.62264838066771E+02  6.74449037741506E+01  7.33852406824730E+01 
-2.93993993993994E+00  1.64636563307365E+02  6.85393164050785E+01  7.39368492242889E+01 
-2.93393393393393E+00  1.66954079235607E+02  6.96280521892773E+01  7.43549676480103E+01 
-2.92792792792793E+00  1.69215207354616E+02  7.07097100376497E+01  7.46292512204454E+01 
-2.92192192192192E+00  1.71417851966465E+02  7.17829221381131E+01  7.47588324232311E+01 
-2.91591591591592E+00  1.73560002721381E+02  7.28463575303954E+01  7.47402942501159E+01 
-2.90990990990991E+00  1.75639736864763E+02  7.38987255242298E+01  7.45706945688145E+01 
-2.90390390390390E+00  1.77655221176250E+02  7.49387789509816E+01  7.42475626003333E+01 
-2.89789789789790E+00  1.79604713596595E+02  7.59653172366316E+01  7.37688958538581E+01 
-2.89189189189189E+00  1.81486564539683E+02  7.69771892821614E+01  7.31331573678375E+01 
-2.88588588588589E+00  1.83299217888640E+02  7.79732961357139E+01  7.23392731436358E+01 
-2.87987987987988E+00  1.85041211676679E+02  7.89525934395160E+01  7.13866296950247E+01 
-2.87387387387387E+00  1.86711178455076E+02  7.99140936334287E+01  7.02750716764570E+01 
-2.86786786786787E+00  1.88307845352424E+02  8.08568678961857E+01  6.90048995979949E+01 
-2.86186186186186E+00  1.89830033831218E+02  8.17800478048977E+01  6.75768676884423E+01 
-2.85585585585586E+00  1.91276659149581E+02  8.26828266932366E+01  6.59921820358192E+01 
-2.84984984984985E+00  1.92646729537965E+02  8.35644606889453E+01  6.42524992235785E+01 
-2.84384384384384E+00  1.93939345102483E+02  8.44242694118707E+01  6.23599258038200E+01 
-2.83783783783784E+00  1.95153696468516E+02  8.52616363146894E+01  6.03170191239585E+01 
-2.83183183183183E+00  1.96290550355288E+02  8.60765508319545E+01  5.81267902810431E+01 
-2.82582582582583E+00  1.97346186649144E+02  8.68674017107244E+01  5.57927103679206E+01 
-2.81981981981982E+00  1.98321673249655E+02  8.76343472276780E+01  5.33187217817381E+01 
-2.81381381381381E+00  1.99216543959103E+02  8.83770217049371E+01  5.07092573337447E+01 
-2.80780780780781E+00  2.00030412483123E+02  8.90951189521281E+01  4.79692714907872E+01 
-2.80180180180180E+00  2.00762970048326E+02  8.97883902341481E+01  4.51042907748519E+01 
-2.79579579579580E+00  2.01413982915636E+02  9.04566418204240E+01  4.21204950696062E+01 
-2.78978978978979E+00  2.01983289808627E+02  9.10997321172254E+01  3.90248501704832E+01 
-2.78378378378378E+00  2.02470799278128E+02  9.17175683891689E+01  3.58253282038676E+01 
-2.77777777777778E+00  2.02876487026707E+02  9.23101030810947E+01  3.25312849623532E+01 
-2.77177177177177E+00  2.03200393219125E+02  9.28773297568795E+01  2.91541314116548E+01 
-2.76576576576577E+00  2.03442619807448E+02  9.34192786774539E+01  2.57085896353234E+01 
-2.75975975975976E+00  2.03603327902007E+02  9.39360120461940E+01  2.22151932719145E+01 
-2.75375375375375E+00  2.03682735221821E+02  9.44276189558605E+01  1.87056660236428E+01 
-2.74774774774775E+00  2.03681113660202E+02  9.48942100772764E+01  1.52356262232487E+01 
-2.74174174174174E+00  2.03598787003076E+02  9.53359121358199E+01  1.19178956842835E+01 
-2.73573573573574E+00  2.03436128838821E+02  9.57528622274703E+01  9.01648452621378E+00 
-2.72972972972973E+00  2.03193560699336E+02  9.61452020314530E+01  7.16618995625632E+00 
-2.72372372372372E+00  2.02871550472260E+02  9.65130719813599E+01  7.30954892357489E+00 
-2.71771771771772E+00  2.02470611124032E+02  9.68566054608718E+01  9.40770631694940E+00 
-2.71171171171171E+00  2.01991299772585E+02  9.71759230937725E+01  1.25424418285103E+01 
-2.70570570570571E+00  2.01434217147134E+02  9.74711272007047E+01  1.61346453305754E+01 
-2.69969969969970E+00  2.00800007470591E+02  9.77422964970358E+01  1.99437969361683E+01 
-2.69369369369369E+00  2.00089358797889E+02  9.79894811071497E+01  2.38649619839252E+01 
-2.68768768768769E+00  1.99303003840824E+02  9.82126979704719E+01  2.78448963278910E+01 
-2.68168168168168E+00  1.98441721307137E+02  9.84119267134886E+01  3.18521091917671E+01 
-2.67567567567568E+00  1.97506337778496E+02  9.85871060599676E+01  3.58653067332888E+01 
-2.66966966966967E+00  1.96497730148905E+02  9.87381308485010E+01  3.98684473537289E+01 
-2.66366366366366E+00  1.95416828641917E+02  9.88648497224678E+01  4.38484240713954E+01 
-2.65765765765766E+00  1.94264620422066E+02  9.89670635525359E+01  4.77938939968551E+01 
-2.65165165165165E+00  1.93042153812989E+02  9.90445246460542E+01  5.16946509984627E+01 
-2.64564564564565E+00  1.91750543132129E+02  9.90969367911592E+01  5.55412737505734E+01 
-2.63963963963964E+00  1.90390974149418E+02  9.91239561763023E+01  5.93249216251779E+01 
-2.63363363363363E+00  1.88964710175226E+02  9.91251932183037E+01  6.30372138723782E+01 
-2.62762762762763E+00  1.87473098780867E+02  9.91002153240977E+01  6.66701576591103E+01 
-2.62162162162162E+00  1.85917579153199E+02  9.90485506032249E+01  7.02161057501879E+01 
-2.61561561561562E+00  1.84299690083195E+02  9.89696925399638E+01  7.36677326728363E+01 
-2.60960960960961E+00  1.82621078586693E+02  9.88631056259563E+01  7.70180226532564E+01 
-2.60360360360360E+00  1.80883509153753E+02  9.87282319463727E+01  8.02602651600667E+01 
-2.59759759759760E+00  1.79088032937201E+02  9.85640691451394E+01  8.33880553955409E+01 
-2.59159159159159E+00  1.77238427256875E+02  9.83709131269580E+01  8.63952979927330E+01 
-2.58558558558559E+00  1.75335971657133E+02  9.81477457564028E+01  8.92762127500848E+01 
-2.57957957957958E+00  1.73383003872998E+02  9.78940034687504E+01  9.20253416024748E+01 
-2.57357357357357E+00  1.71382034260812E+02  9.76091466811945E+01  9.46375562683368E+01 
-2.56756756756757E+00  1.69335758643611E+02  9.72926715915231E+01  9.71080661734706E+01 
-2.56156156156156E+00  1.67247071657010E+02  9.69441227077558E+01  9.94324263620879E+01 
-2.55555555555556E+00  1.65119080539140E+02  9.65631060570861E+01  1.01606545182143E+02 
-2.54954954954955E+00  1.62955119291507E+02  9.61493030192789E+01  1.03626026914506E+02 
-2.54354354354354E+00  1.60758763116683E+02  9.57024847267252E+01  1.05488961334458E+02 
-2.53753753753754E+00  1.58533843012490E+02  9.52225269704460E+01  1.07191591439859E+02 
-2.53153153153153E+00  1.56284460369826E+02  9.47094255481878E+01  1.08731297283664E+02 
-2.52552552552553E+00  1.54015001381266E+02  9.41633119870438E+01  1.10105842642575E+02 
-2.51951951951952E+00  1.51730151018891E+02  9.35844695683458E+01  1.11313379641588E+02 
-2.51351351351351E+00  1.49434906281170E+02  9.29733495764772E+01  1.12352452560467E+02 
-2.50750750750751E+00  1.47134588339082E+02  9.23305876851763E+01  1.13221654068408E+02 
-2.50150150150150E+00  1.44834853130138E+02  9.16570203842409E+01  1.13920918511799E+02 
-2.49549549549550E+00  1.42541699855161E+02  9.09537013355984E+01  1.14449759400492E+02 
-2.48948948948949E+00  1.40261476727019E+02  9.02219175296851E+01  1.14808311722902E+02 
-2.48348348348348E+00  1.38000883204549E+02  8.94632050901530E+01  1.14997106360484E+02 
-2.47747747747748E+00  1.35766967821842E+02  8.86793645461770E+01  1.15017074506603E+02 
-2.47147147147147E+00  1.33567120598365E+02  8.78724753561835E+01  1.14869543815123E+02 
-2.46546546546547E+00  1.31409058897179E+02  8.70449094237905E+01  1.14556200969056E+02 
-2.45945945945946E+00  1.29300805498622E+02  8.61993432954453E+01  1.14079137839184E+02 
-2.45345345345345E+00  1.27250657590541E+02  8.53387686692169E+01  1.13440828139373E+02 
-2.44744744744745E+00  1.25267145363239E+02  8.44665007754847E+01  1.12644055666107E+02 
-2.44144144144144E+00  1.23358978960654E+02  8.35861841135523E+01  1.11692180192375E+02 
-2.43543543543544E+00  1.21534982704611E+02  8.27017949452633E+01  1.10588724318247E+02 
-2.42942942942943E+00  1.19804015801658E+02  8.18176398605391E+01  1.09337635260391E+02 
-2.42342342342342E+00  1.18174879184079E+02  8.09383496452700E+01  1.07943213254005E+02 
-2.41741741741742E+00  1.16656208741415E+02  8.00688676061659E+01  1.06410104964421E+02 
-2.41141141141141E+00  1.15256355965089E+02  7.92144314495573E+01  1.04743296858657E+02 
-2.40540540540541E+00  1.13983257934326E+02  7.83805477839714E+01  1.02947876468584E+02 
-2.39939939939940E+00  1.12844299568661E+02  7.75729583344141E+01  1.01029980237734E+02 
-2.39339339339339E+00  1.11846172084479E+02  7.67975970365349E+01  9.89955004940617E+01 
-2.38738738738739E+00  1.10994732518354E+02  7.60605373387824E+01  9.68503327488694E+01 
-2.38138138138138E+00  1.10294869899108E+02  7.53679292965749E+01  9.46012803145798E+01 
-2.37537537537538E+00  1.09750384042524E+02  7.47259264063901E+01  9.22552488437234E+01 
-2.36936936936937E+00  1.09363941307178E+02  7.41406297531472E+01  8.98194522016235E+01 
-2.36336336336336E+00  1.09136769187009E+02  7.36178895068166E+01  8.73014134945871E+01 
-2.35735735735736E+00  1.09068935539918E+02  7.31633630180374E+01  8.47089687670881E+01 
-2.35135135135135E+00  1.09159117206231E+02  7.27823083165968E+01  8.20502740038441E+01 
-2.34534534534535E+00  1.09404664380786E+02  7.24795036136956E+01  7.93338161902249E+01 
-2.33933933933934E+00  1.09801645664991E+02  7.22591435426287E+01  7.65684048803733E+01 
-2.33333333333333E+00  1.10344922305916E+02  7.21247412478714E+01  7.37633045932666E+01 
-2.32732732732733E+00  1.11028247555787E+02  7.20790404802262E+01  7.09280790293036E+01 
-2.32132132132132E+00  1.11844385949213E+02  7.21239416936118E+01  6.80727646772336E+01 
-2.31531531531532E+00  1.12785246647931E+02  7.22604456457270E+01  6.52078606289777E+01 
-2.30930930930931E+00  1.13842024856262E+02  7.24886171991277E+01  6.23444653258277E+01 
-2.30330330330330E+00  1.15005345614642E+02  7.28075709639963E+01  5.94942467557025E+01 
-2.29729729729730E+00  1.16265404937941E+02  7.32154792189502E+01  5.66695867332543E+01 
-2.29129129129129E+00  1.17612104159878E+02  7.37096013141979E+01  5.38836701227748E+01 
-2.28528528528529E+00  1.19035174352546E+02  7.42863326278789E+01  5.11505982900186E+01 
-2.27927927927928E+00  1.20524288702580E+02  7.49412702203074E+01  4.84855103157867E+01 
-2.27327327327327E+00  1.22069161659516E+02  7.56692916878444E+01  4.59047018219358E+01 
-2.26726726726727E+00  1.23659634472415E+02  7.64646433922834E+01  4.34257229343873E+01 
-2.26126126126126E+00  1.25285747370204E+02  7.73210342249762E+01  4.10674246818494E+01 
-2.25525525525526E+00  1.26937799114219E+02  7.82317313145720E+01  3.88499066739746E+01 
-2.24924924924925E+00  1.28606394969248E+02  7.91896545374099E+01  3.67942995631553E+01 
-2.24324324324324E+00  1.30282484322928E+02  8.01874672648589E+01  3.49222984564909E+01 
-2.23723723723724E+00  1.31957389258575E+02  8.12176614093236E+01  3.32553587482602E+01 
-2.23123123123123E+00  1.33622825379566E+02  8.22726354483946E+01  3.18134909260072E+01 
-2.22522522522523E+00  1.35270916118638E+02  8.33447646688094E+01  3.06136648277525E+01 
-2.21921921921922E+00  1.36894201663646E+02  8.44264633497181E+01  2.96679635020524E+01 
-2.21321321321321E+00  1.38485643509041E+02  8.55102389849154E+01  2.89817855707018E+01 
-2.20720720720721E+00  1.40038625512219E+02  8.65887389252685E+01  2.85525110458916E+01 
-2.20120120120120E+00  1.41546952204914E+02  8.76547900133648E+01  2.83690279796140E+01 
-2.19519519519520E+00  1.43004844987978E+02  8.87014318952666E+01  2.84123238862532E+01 
-2.18918918918919E+00  1.44406936726696E+02  8.97219447443627E+01  2.86570411583087E+01 
-2.18318318318318E+00  1.45748265165153E+02  9.07098721348144E+01  2.90736271426747E+01 
-2.17717717717718E+00  1.47024265492464E+02  9.16590397708398E+01  2.96306037534744E+01 
-2.17117117117117E+00  1.48230782013940E+02  9.25636579256272E+01  3.02965573970128E+01 
-2.16516516516517E+00  1.49363979811598E+02  9.34179837858453E+01  3.10416278906738E+01 
-2.15915915915916E+00  1.50420457664594E+02  9.42168575500898E+01  3.18384533464273E+01 
-2.15315315315315E+00  1.51397157147808E+02  9.49553593501711E+01  3.26626459740948E+01 
-2.14714714714715E+00  1.52291374561348E+02  9.56289034282085E+01  3.34929224497946E+01 
-2.14114114114114E+00  1.53100752072027E+02  9.62332433297927E+01  3.43110121807215E+01 
-2.13513513513514E+00  1.53823268871610E+02  9.67644761106457E+01  3.51014427909833E+01 
-2.12912912912913E+00  1.54457232364598E+02  9.72190457700439E+01  3.58514438701550E+01 
-2.12312312312312E+00  1.55001269386810E+02  9.75937460835400E+01  3.65499853856087E+01 
-2.11711711711712E+00  1.55454317447817E+02  9.78857229736212E+01  3.71885395155146E+01 
-2.11111111111111E+00  1.55815615984541E+02  9.80924765292602E+01  3.77601732925239E+01 
-2.10510510510511E+00  1.56084697609724E+02  9.82118627632553E+01  3.82593725061215E+01 
-2.09909909909910E+00  1.56261379336905E+02  9.82420951791369E+01  3.86824561260620E+01 
-2.09309309309309E+00  1.56345753762749E+02  9.81817462065754E+01  3.90265378250630E+01 
-2.08708708708709E+00  1.56338180187723E+02  9.80297485550857E+01  3.92900260204421E+01 
-2.08108108108108E+00  1.56239275656973E+02  9.77853965297954E+01  3.94723782909079E+01 
-2.07507507507508E+00  1.56049905904601E+02  9.74483473496452E+01  3.95740313567673E+01 
-2.06906906906907E+00  1.55771176186295E+02  9.70186225071586E+01  3.95963480284393E+01 
-2.06306306306306E+00  1.55404421987170E+02  9.64966092094060E+01  3.95415786452645E+01 
-2.05705705705706E+00  1.54951199593757E+02  9.58830619416403E+01  3.94128348399561E+01 
-2.05105105105105E+00  1.54413276521199E+02  9.51791041978425E+01  3.92140736802111E+01 
-2.04504504504505E+00  1.53792621788766E+02  9.43862304256935E+01  3.89500903258506E+01 
-2.03903903903904E+00  1.53091396038851E+02  9.35063082367921E+01  3.86265172688929E+01 
-2.03303303303303E+00  1.52311941496498E+02  9.25415809356951E+01  3.82498279658927E+01 
-2.02702702702703E+00  1.51456771768332E+02  9.14946704228724E+01  3.78273421958435E+01 
-2.02102102102102E+00  1.50528561481387E+02  9.03685805260353E+01  3.73672297542371E+01 
-2.01501501501502E+00  1.49530135763842E+02  8.91667008103692E+01  3.68785081073663E+01 
-2.00900900900901E+00  1.48464459571051E+02  8.78928109094826E+01  3.63710283920498E+01 
-2.00300300300300E+00  1.47334626861484E+02  8.65510854034109E+01  3.58554427211372E+01 
-1.99699699699700E+00  1.46143849628287E+02  8.51460992452860E+01  3.53431443019372E+01 
-1.99099099099099E+00  1.44895446793241E+02  8.36828337010776E+01  3.48461706826197E+01 
-1.98498498498498E+00  1.43592832970806E+02  8.21666827130438E+01  3.43770599647968E+01 
-1.97897897897898E+00  1.42239507110904E+02  8.06034595221703E+01  3.39486506757831E+01 
-1.97297297297297E+00  1.40839041029964E+02  7.89994032817497E+01  3.35738188864159E+01 
-1.96696696696697E+00  1.39395067840764E+02  7.73611852561673E+01  3.32651516946507E+01 
-1.96096096096096E+00  1.37911270292637E+02  7.56959140177352E+01  3.30345645618490E+01 
-1.95495495495495E+00  1.36391369034753E+02  7.40111388214620E+01  3.28928805814374E+01 
-1.94894894894895E+00  1.34839110816615E+02  7.23148500449473E+01  3.28494008909627E+01 
-1.94294294294294E+00  1.33258256641441E+02  7.06154752222184E+01  3.29115044040051E+01 
-1.93693693693694E+00  1.31652569889990E+02  6.89218687755127E+01  3.30843187359169E+01 
-1.93093093093093E+00  1.30025804434606E+02  6.72432930658882E+01  3.33705002602623E+01 
-1.92492492492492E+00  1.28381692765799E+02  6.55893878650239E+01  3.37701492471703E+01 
-1.91891891891892E+00  1.26723934156668E+02  6.39701248414040E+01  3.42808681558861E+01 
-1.91291291291291E+00  1.25056182893892E+02  6.23957432286776E+01  3.48979516087771E+01 
-1.90690690690691E+00  1.23382036607887E+02  6.08766626135672E+01  3.56146801479256E+01 
-1.90090090090090E+00  1.21705005593197E+02  5.94233702665204E+01  3.64226801286541E+01 
-1.89489489489489E+00  1.20028578275669E+02  5.80462716694867E+01  3.73123265459735E+01 
-1.88888888888889E+00  1.18356094557710E+02  5.67555219196355E+01  3.82730492154228E+01 
-1.88288288288288E+00  1.16690812113855E+02  5.55608128537208E+01  3.92937966674433E+01 
-1.87687687687688E+00  1.15035876567500E+02  5.44711379469685E+01  4.03632456767426E+01 
-1.87087087087087E+00  1.13394311370773E+02  5.34945353047337E+01  4.14700646879146E+01 
-1.86486486486486E+00  1.11769008152534E+02  5.26378218633787E+01  4.26030996291882E+01 
-1.85885885885886E+00  1.10162717609303E+02  5.19063349776549E+01  4.37515105513246E+01 
-1.85285285285285E+00  1.08578041018658E+02  5.13037006709303E+01  4.49048667159967E+01 
-1.84684684684685E+00  1.07017422458586E+02  5.08316488586648E+01  4.60532083821428E+01 
-1.84084084084084E+00  1.05483141819038E+02  5.04898941003944E+01  4.71870825603089E+01 
-1.83483483483483E+00  1.03977308693199E+02  5.02760956780747E+01  4.82975615667207E+01 
-1.82882882882883E+00  1.02501857235498E+02  5.01859035253067E+01  4.93762479896272E+01 
-1.82282282282282E+00  1.01058542070766E+02  5.02130879031733E+01  5.04152689371798E+01 
-1.81681681681682E+00  9.96489353340160E+01  5.03497422974969E+01  5.14072671283337E+01 
-1.81081081081081E+00  9.82744249128260E+01  5.05865423317464E+01  5.23453883347477E+01 
-1.80480480480480E+00  9.69362139541712E+01  5.09130396225349E+01  5.32232675721843E+01 
-1.79879879879880E+00  9.56353216847286E+01  5.13179688086785E+01  5.40350152146010E+01 
-1.79279279279279E+00  9.43725855783016E+01  5.17895481020981E+01  5.47752038033176E+01 
-1.78678678678679E+00  9.31486648862768E+01  5.23157577813689E+01  5.54388560367512E+01 
-1.78078078078078E+00  9.19640628659802E+01  5.28845768905229E+01  5.60214342281606E+01 
-1.77477477477477E+00  9.08190636933350E+01  5.34842280521578E+01  5.65188313885182E+01 
-1.76876876876877E+00  8.97138435941993E+01  5.41032884348826E+01  5.69273640121672E+01 
-1.76276276276276E+00  8.86484109448889E+01  5.47308583455742E+01  5.72437666015106E+01 
-1.75675675675676E+00  8.76226331101610E+01  5.53566475432820E+01  5.74651879541826E+01 
-1.75075075075075E+00  8.66362473089127E+01  5.59710424759868E+01  5.75891892454968E+01 
-1.74474474474474E+00  8.56888723623204E+01  5.65651500547226E+01  5.76137439662295E+01 
-1.73873873873874E+00  8.47800211771776E+01  5.71308231892469E+01  5.75372398188027E+01 
-1.73273273273273E+00  8.39091138041568E+01  5.76606728115862E+01  5.73584827330687E+01 
-1.72672672672673E+00  8.30754909013011E+01  5.81480704638244E+01  5.70767032371219E+01 
-1.72072072072072E+00  8.22784274274870E+01  5.85871448413496E+01  5.66915655112140E+01 
-1.71471471471471E+00  8.15171463890778E+01  5.89727750357477E+01  5.62031795678019E+01 
-1.70870870870871E+00  8.07908324653902E+01  5.93005826521988E+01  5.56121171435569E+01 
-1.70270270270270E+00  8.00986453447815E+01  5.95669245003428E+01  5.49194320672672E+01 
-1.69669669669670E+00  7.94397326127330E+01  5.97688871756424E+01  5.41266860907491E+01 
-1.69069069069069E+00  7.88132420458325E+01  5.99042845517151E+01  5.32359814505901E+01 
-1.68468468468468E+00  7.82183331804913E+01  5.99716589797067E+01  5.22500017822231E+01 
-1.67867867867868E+00  7.76541880419801E+01  5.99702868231310E+01  5.11720634531286E+01 
-1.67267267267267E+00  7.71200209373178E+01  5.99001888293882E+01  5.00061799400300E+01 
-1.66666666666667E+00  7.66150872341445E+01  5.97621457355200E+01  4.87571425676298E+01 
-1.66066066066066E+00  7.61386910663448E+01  5.95577194079089E+01  4.74306217712925E+01 
-1.65465465465465E+00  7.56901919254769E+01  5.92892797040626E+01  4.60332940457131E+01 
-1.64864864864865E+00  7.52690101144757E+01  5.89600370971954E+01  4.45730008625127E+01 
-1.64264264264264E+00  7.48746310564609E+01  5.85740808948399E+01  4.30589469712250E+01 
-1.63663663663664E+00  7.45066084664373E+01  5.81364225801603E+01  4.15019463778768E+01 
-1.63063063063063E+00  7.41645664071864E+01  5.76530433723796E+01  3.99147243778160E+01 
-1.62462462462462E+00  7.38482002625862E+01  5.71309444993368E+01  3.83122822589312E+01 
-1.61861861861862E+00  7.35572766719843E+01  5.65781978570358E+01  3.67123258130679E+01 
-1.61261261261261E+00  7.32916322721401E+01  5.60039932243899E+01  3.51357464724512E+01 
-1.60660660660661E+00  7.30511729228804E+01  5.54186797939474E+01  3.36071200141514E+01 
-1.60060060060060E+00  7.28358685070687E+01  5.48337896234001E+01  3.21551463855521E+01 
-1.59459459459459E+00  7.26457512324078E+01  5.42620425612020E+01  3.08128904508509E+01 
-1.58858858858859E+00  7.24809107245852E+01  5.37173170874311E+01  2.96176003944412E+01 
-1.58258258258258E+00  7.23414890535002E+01  5.32145776812746E+01  2.86098023742464E+01 
-1.57657657657658E+00  7.22276752065720E+01  5.27697461015956E+01  2.78313583273794E+01 
-1.57057057057057E+00  7.21396990922173E+01  5.23995049776089E+01  2.73223263834020E+01 
-1.56456456456456E+00  7.20778251577870E+01  5.21210249156737E+01  2.71168573587778E+01 
-1.55855855855856E+00  7.20423457068618E+01  5.19516118987307E+01  2.72389258285014E+01 
-1.55255255255255E+00  7.20335740008491E+01  5.19082803187121E+01  2.76991179571932E+01 
-1.54654654654655E+00  7.20518372292504E+01  5.20072680337314E+01  2.84935757590863E+01 
-1.54054054054054E+00  7.20974694317736E+01  5.22635218729244E+01  2.96054357660406E+01 
-1.53453453453453E+00  7.21708044535691E+01  5.26901925340331E+01  3.10081378213658E+01 
-1.52852852852853E+00  7.22721690122522E+01  5.32981838470358E+01  3.26694326335992E+01 
-1.52252252252252E+00  7.24018759519692E+01  5.40958003663418E+01  3.45550155430814E+01 
-1.51651651651652E+00  7.25602177555514E+01  5.50885281878713E+01  3.66312019116700E+01 
-1.51051051051051E+00  7.27474603807563E+01  5.62789679888886E+01  3.88665499946407E+01 
-1.50450450450450E+00  7.29638374807409E+01  5.76669198857178E+01  4.12326245429660E+01 
-1.49849849849850E+00  7.32095450622957E+01  5.92496011823796E+01  4.37041790512790E+01 
-1.49249249249249E+00  7.34847366280385E+01  6.10219643751926E+01  4.62590026226760E+01 
-1.48648648648649E+00  7.37895188408772E+01  6.29770761180532E+01  4.88776068966538E+01 
-1.48048048048048E+00  7.41239477406889E+01  6.51065183255252E+01  5.15428615622864E+01 
-1.47447447447447E+00  7.44880255345384E+01  6.74007785450757E+01  5.42396377482645E+01 
-1.46846846846847E+00  7.48816979730098E+01  6.98496056866428E+01  5.69544871275586E+01 
-1.46246246246246E+00  7.53048523165779E+01  7.24423167610457E+01  5.96753664330934E+01 
-1.45645645645646E+00  7.57573158875708E+01  7.51680487148835E+01  6.23914075831449E+01 
-1.45045045045045E+00  7.62388551953645E+01  7.80159558592494E+01  6.50927292354399E+01 
-1.44444444444444E+00  7.67491756151710E+01  8.09753575827433E+01  6.77702840212447E+01 
-1.43843843843844E+00  7.72879215942876E+01  8.40358432811742E+01  7.04157355712415E+01 
-1.43243243243243E+00  7.78546773540552E+01  8.71873421978295E+01  7.30213599539784E+01 
-1.42642642642643E+00  7.84489680511465E+01  9.04201656454321E+01  7.55799668903290E+01 
-1.42042042042042E+00  7.90702613581807E+01  9.37250282963030E+01  7.80848368774295E+01 
-1.41441441441441E+00  7.97179694210671E+01  9.70930541935236E+01  8.05296710605154E+01 
-1.40840840840841E+00  8.03914511488949E+01  1.00515772058902E+02  8.29085512977339E+01 
-1.40240240240240E+00  8.10900147915437E+01  1.03985103472713E+02  8.52159083672374E+01 
-1.39639639639640E+00  8.18129207604074E+01  1.07493346633068E+02  8.74464966763420E+01 
-1.39039039039039E+00  8.25582206660137E+01  1.11033185069490E+02  8.95953741625883E+01 
-1.38438438438438E+00  8.33275061803102E+01  1.14597481834449E+02  9.16578863399985E+01 
-1.37837837837838E+00  8.41196436488606E+01  1.18179779742459E+02  9.36296536533336E+01 
-1.37237237237237E+00  8.49316750075788E+01  1.21773516252548E+02  9.55065614695434E+01 
-1.36636636636637E+00  8.57637435776280E+01  1.25372634570506E+02  9.72847521677798E+01 
-1.36036036036036E+00  8.66148903427857E+01  1.28971293383938E+02  9.89606188945194E+01 
-1.35435435435435E+00  8.74841316025092E+01  1.32563900685338E+02  1.00530800634272E+02 
-1.34834834834835E+00  8.83704623585238E+01  1.36145099764578E+02  1.01992178313534E+02 
-1.34234234234234E+00  8.92728596416149E+01  1.39709756558572E+02  1.03341871709684E+02 
-1.33633633633634E+00  9.01902857596851E+01  1.43252948288175E+02  1.04577236980169E+02 
-1.33033033033033E+00  9.11216914508522E+01  1.46769953292045E+02  1.05695864662856E+02 
-1.32432432432432E+00  9.20660189279123E+01  1.50256241957244E+02  1.06695578027455E+02 
-1.31831831831832E+00  9.30222048027598E+01  1.53707468643381E+02  1.07574431681918E+02 
-1.31231231231231E+00  9.39891828814045E+01  1.57119464498905E+02  1.08333816347364E+02 
-1.30630630630631E+00  9.49658868220410E+01  1.60488231072779E+02  1.08965707273908E+02 
-1.30030030030030E+00  9.59512526501959E+01  1.63809934631250E+02  1.09472098332632E+02 
-1.29429429429429E+00  9.69442211263398E+01  1.67080901096700E+02  1.09851988832342E+02 
-1.28828828828829E+00  9.79437399625266E+01  1.70297611533258E+02  1.10104610051725E+02 
-1.28228228228228E+00  9.89487658856070E+01  1.73456698111375E+02  1.10229420535886E+02 
-1.27627627627628E+00  9.99582665454163E+01  1.76554940490922E+02  1.10226984731754E+02 
-1.27027027027027E+00  1.00971222267053E+02  1.79589262569142E+02  1.10096324790668E+02 
-1.26426426426426E+00  1.01986627646985E+02  1.82556729546145E+02  1.09837530549895E+02 
-1.25825825825826E+00  1.03003492993252E+02  1.85454545266386E+02  1.09450913398405E+02 
-1.25225225225225E+00  1.04020845610521E+02  1.88280049799736E+02  1.08937005543923E+02 
-1.24624624624625E+00  1.05037730931179E+02  1.91030717230456E+02  1.08296559423039E+02 
-1.24024024024024E+00  1.06053213494069E+02  1.93704153626485E+02  1.07530547314159E+02 
-1.23423423423423E+00  1.07066377772860E+02  1.96298095165129E+02  1.06640161227419E+02 
-1.22822822822823E+00  1.08076328856469E+02  1.98810406394481E+02  1.05626813162454E+02 
-1.22222222222222E+00  1.09082192984325E+02  2.01239078612697E+02  1.04492135844913E+02 
-1.21621621621622E+00  1.10083117939710E+02  2.03582228349733E+02  1.03237984076738E+02 
-1.21021021021021E+00  1.11078273304854E+02  2.05838095938311E+02  1.01866436864590E+02 
-1.20420420420420E+00  1.12066850581897E+02  2.08005044162698E+02  1.00379800526939E+02 
-1.19819819819820E+00  1.13048063184328E+02  2.10081556975518E+02  9.87806130251382E+01 
-1.19219219219219E+00  1.14021146304004E+02  2.12066238274183E+02  9.70716498196312E+01 
-1.18618618618619E+00  1.14985356659361E+02  2.13957810729710E+02  9.52559316225955E+01 
-1.18018018018018E+00  1.15939972130942E+02  2.15755114661680E+02  9.33367345068426E+01 
-1.17417417417417E+00  1.16884291290923E+02  2.17457106953997E+02  9.13176029431131E+01 
-1.16816816816817E+00  1.17817632833797E+02  2.19062860006775E+02  8.92023664810562E+01 
-1.16216216216216E+00  1.18739334915955E+02  2.20571560720332E+02  8.69951609724707E+01 
-1.15615615615616E+00  1.19648754412340E+02  2.21982509507789E+02  8.47004554708254E+01 
-1.15015015015015E+00  1.20545266098902E+02  2.23295119333174E+02  8.23230862445307E+01 
-1.14414414414414E+00  1.21428261769960E+02  2.24508914772350E+02  7.98682997333146E+01 
-1.13813813813814E+00  1.22297149300059E+02  2.25623531094343E+02  7.73418067836080E+01 
-1.13213213213213E+00  1.23151351660227E+02  2.26638713360962E+02  7.47498511530363E+01 
-1.12612612612613E+00  1.23990305898889E+02  2.27554315542789E+02  7.20992961160309E+01 
-1.12012012012012E+00  1.24813462097922E+02  2.28370299649835E+02  6.93977340782237E+01 
-1.11411411411411E+00  1.25620282314564E+02  2.29086734875330E+02  6.66536254633209E+01 
-1.10810810810811E+00  1.26410239519985E+02  2.29703796751279E+02  6.38764748066588E+01 
-1.10210210210210E+00  1.27182816545387E+02  2.30221766314532E+02  6.10770539658306E+01 
-1.09609609609610E+00  1.27937505046491E+02  2.30641029282307E+02  5.82676845262333E+01 
-1.09009009009009E+00  1.28673804497139E+02  2.30962075236196E+02  5.54625934939637E+01 
-1.08408408408408E+00  1.29391221222551E+02  2.31185496813839E+02  5.26783574224504E+01 
-1.07807807807808E+00  1.30089267482542E+02  2.31311988907599E+02  4.99344485240642E+01 
-1.07207207207207E+00  1.30767460614606E+02  2.31342347869673E+02  4.72538888159539E+01 
-1.06606606606607E+00  1.31425322246378E+02  2.31277470723284E+02  4.46639991222436E+01 
-1.06006006006006E+00  1.32062377586472E+02  2.31118354379666E+02  4.21971893945230E+01 
-1.05405405405405E+00  1.32678154802096E+02  2.30866094860783E+02  3.98916624234077E+01 
-1.04804804804805E+00  1.33272184491227E+02  2.30521886527827E+02  3.77917826671139E+01 
-1.04204204204204E+00  1.33843999256391E+02  2.30087021315713E+02  3.59476997892445E+01 
-1.03603603603604E+00  1.34393133386350E+02  2.29562887973949E+02  3.44136653265380E+01 
-1.03003003003003E+00  1.34919122651153E+02  2.28950971314381E+02  3.32444831609204E+01 
-1.02402402402402E+00  1.35421504215199E+02  2.28252851466490E+02  3.24899147340787E+01 
-1.01801801801802E+00  1.35899816672007E+02  2.27470203140987E+02  3.21877574983559E+01 
-1.01201201201201E+00  1.36353600203536E+02  2.26604794902605E+02  3.23574450174228E+01 
-1.00600600600601E+00  1.36782396865913E+02  2.25658488453018E+02  3.29965358393209E+01 
-1.00000000000000E+00  1.37185751002543E+02  2.24633237924873E+02  3.40815925687560E+01 
-9.93993993993994E-01  1.37563209784576E+02  2.23531089187899E+02  3.55730269048572E+01 
-9.87987987987988E-01  1.37914323877850E+02  2.22354179167985E+02  3.74218833279663E+01 
-9.81981981981982E-01  1.38238648234467E+02  2.21104735179993E+02  3.95762945112469E+01 
-9.75975975975976E-01  1.38535743006303E+02  2.19785074274819E+02  4.19862276544540E+01 
-9.69969969969970E-01  1.38805174576915E+02  2.18397602600914E+02  4.46062297644682E+01 
-9.63963963963964E-01  1.39046516707484E+02  2.16944814780025E+02  4.73965516190478E+01 
-9.57957957957958E-01  1.39259351791701E+02  2.15429293296326E+02  5.03232235471553E+01 
-9.51951951951952E-01  1.39443272213770E+02  2.13853707897382E+02  5.33575759284749E+01 
-9.45945945945946E-01  1.39597881803090E+02  2.12220815004449E+02  5.64755367735617E+01 
-9.39939939939940E-01  1.39722797378563E+02  2.10533457128476E+02  5.96568962091977E+01 
-9.33933933933934E-01  1.39817650374982E+02  2.08794562286836E+02  6.28846301727923E+01 
-9.27927927927928E-01  1.39882088543483E+02  2.07007143414100E+02  6.61443182779790E+01 
-9.21921921921922E-01  1.39915777717658E+02  2.05174297758299E+02  6.94236609362443E+01 
-9.15915915915916E-01  1.39918403636635E+02  2.03299206251793E+02  7.27120872549703E+01 
-9.09909909909910E-01  1.39889673816143E+02  2.01385132843224E+02  7.60004404593931E+01 
-9.03903903903904E-01  1.39829319458434E+02  1.99435423774007E+02  7.92807193902790E+01 
-8.97897897897898E-01  1.39737097391792E+02  1.97453506779301E+02  8.25459027352966E+01 
-8.91891891891892E-01  1.39612792030313E+02  1.95442890189482E+02  8.57893833428259E+01 
-8.85885885885886E-01  1.39456217344653E+02  1.93407161903698E+02  8.90064564373995E+01 
-8.79879879879880E-01  1.39267218834468E+02  1.91349988202184E+02  9.21916972859141E+01 
-8.73873873873874E-01  1.39045494212198E+02  1.89275219389574E+02  9.53406267037091E+01 
-8.67867867867868E-01  1.38791335720653E+02  1.87186455086741E+02  9.84491951627035E+01 
-8.61861861861862E-01  1.38504374575022E+02  1.85087901452994E+02  1.01513729548235E+02 
-8.55855855855856E-01  1.38184862598551E+02  1.82983100618071E+02  1.04530889710296E+02 
-8.49849849849850E-01  1.37832693797569E+02  1.80876303450327E+02  1.07497632791857E+02 
-8.43843843843844E-01  1.37448051711525E+02  1.78771526629920E+02  1.10411183754026E+02 
-8.37837837837838E-01  1.37030825621516E+02  1.76673095247115E+02  1.13269010856675E+02 
-8.31831831831832E-01  1.36581303718800E+02  1.74585138881108E+02  1.16068805116269E+02 
-8.25825825825826E-01  1.36099699888669E+02  1.72511925070747E+02  1.18808462967227E+02 
-8.19819819819820E-01  1.35586277475247E+02  1.70457767272431E+02  1.21486071512785E+02 
-8.13813813813814E-01  1.35041350717545E+02  1.68427017912174E+02  1.24099895876174E+02 
-8.07807807807808E-01  1.34465286092778E+02  1.66424060391719E+02  1.26648368261003E+02 
-8.01801801801802E-01  1.33858503560996E+02  1.64453299947435E+02  1.29130078406954E+02 
-7.95795795795796E-01  1.33221477705285E+02  1.62519153265059E+02  1.31543765188010E+02 
-7.89789789789790E-01  1.32554738762028E+02  1.60626036761705E+02  1.33888309148945E+02 
-7.83783783783784E-01  1.31858873535817E+02  1.58778353459656E+02  1.36162725814400E+02 
-7.77777777777778E-01  1.31134526193729E+02  1.56980478395059E+02  1.38366159635788E+02 
-7.71771771771772E-01  1.30382398933680E+02  1.55236742529183E+02  1.40497878466063E+02 
-7.65765765765766E-01  1.29603252521547E+02  1.53551415160977E+02  1.42557268472332E+02 
-7.59759759759760E-01  1.28797906691642E+02  1.51928684877353E+02  1.44543829412451E+02 
-7.53753753753754E-01  1.27967240404934E+02  1.50372639121801E+02  1.46457170214839E+02 
-7.47747747747748E-01  1.27112191959147E+02  1.48887242512105E+02  1.48297004811416E+02 
-7.41741741741742E-01  1.26233758944541E+02  1.47476314092899E+02  1.50063148182297E+02 
-7.35735735735736E-01  1.25332998038743E+02  1.46143503767182E+02  1.51755512578044E+02 
-7.29729729729730E-01  1.24411024633485E+02  1.44892268210266E+02  1.53374093150579E+02 
-7.23723723723724E-01  1.23469012285540E+02  1.43725846627555E+02  1.54919008850203E+02 
-7.17717717717718E-01  1.22508191983452E+02  1.42647236770595E+02  1.56390430278016E+02 
-7.11711711711712E-01  1.21529851220955E+02  1.41659171670733E+02  1.57788623605923E+02 
-7.05705705705706E-01  1.20535332867148E+02  1.40764097582768E+02  1.59113940353407E+02 
-6.99699699699700E-01  1.19526033822658E+02  1.39964153648855E+02  1.60366792476348E+02 
-6.93693693693694E-01  1.18503403450154E+02  1.39261153792646E+02  1.61547683856279E+02 
-6.87687687687688E-01  1.17468941766670E+02  1.38656571333158E+02  1.62657182811556E+02 
-6.81681681681682E-01  1.16424197384330E+02  1.38151526766055E+02  1.63695925553195E+02 
-6.75675675675676E-01  1.15370765185257E+02  1.37746779097241E+02  1.64664613222578E+02 
-6.69669669669670E-01  1.14310283715710E+02  1.37442721031549E+02  1.65564008968179E+02 
-6.63663663663664E-01  1.13244432283910E+02  1.37239378220968E+02  1.66394935059166E+02 
-6.57657657657658E-01  1.12175025649249E+02  1.37136401858027E+02  1.67158270034473E+02 
-6.51651651651652E-01  1.11103618511887E+02  1.37133118802406E+02  1.67854945886617E+02 
-6.45645645645646E-01  1.10032089762196E+02  1.37228480232146E+02  1.68485945280058E+02 
-6.39639639639640E-01  1.08962246282079E+02  1.37421118127699E+02  1.69052298804340E+02 
-6.33633633633634E-01  1.07895916207754E+02  1.37709353801655E+02  1.69555082262649E+02 
-6.27627627627628E-01  1.06834943923298E+02  1.38091219511214E+02  1.69995413996677E+02 
-6.21621621621621E-01  1.05781184658390E+02  1.38564482524496E+02  1.70374452248951E+02 
-6.15615615615616E-01  1.04736498683405E+02  1.39126671097153E+02  1.70693392563927E+02 
-6.09609609609610E-01  1.03702745099052E+02  1.39775101795343E+02  1.70953465229290E+02 
-6.03603603603604E-01  1.02681749518944E+02  1.40506890011679E+02  1.71155932758987E+02 
-5.97597597597598E-01  1.01675401053384E+02  1.41319047324570E+02  1.71302087419538E+02 
-5.91591591591591E-01  1.00685487245277E+02  1.42208408265690E+02  1.71393248801201E+02 
-5.85585585585586E-01  9.97137924807614E+01  1.43171723684942E+02  1.71430761435545E+02 
-5.79579579579580E-01  9.87620631472277E+01  1.44205670938711E+02  1.71415992460932E+02 
-5.73573573573574E-01  9.78319992767288E+01  1.45306878741553E+02  1.71350329337357E+02 
-5.67567567567568E-01  9.69252459570317E+01  1.46471950338676E+02  1.71235177612018E+02 
-5.61561561561561E-01  9.60433153955467E+01  1.47697497901686E+02  1.71071958736884E+02 
-5.55555555555555E-01  9.51878569124373E+01  1.48980109140331E+02  1.70862107939446E+02 
-5.49549549549550E-01  9.43602265247397E+01  1.50316444121250E+02  1.70607072147722E+02 
-5.43543543543544E-01  9.35617614317324E+01  1.51703197125944E+02  1.70308307970457E+02 
-5.37537537537538E-01  9.27937000443922E+01  1.53137123217724E+02  1.69967279733382E+02 
-5.31531531531531E-01  9.20571736978223E+01  1.54615049436660E+02  1.69585457572231E+02 
-5.25525525525525E-01  9.13531987849177E+01  1.56133884120908E+02  1.69164315583145E+02 
-5.19519519519520E-01  9.06826694335750E+01  1.57690624470215E+02  1.68705330030940E+02 
-5.13513513513514E-01  9.00463508504156E+01  1.59282362481831E+02  1.68209977615626E+02 
-5.07507507507508E-01  8.94448734514439E+01  1.60906289397751E+02  1.67679733797446E+02 
-5.01501501501501E-01  8.88787278940354E+01  1.62559698806046E+02  1.67116071180595E+02 
-4.95495495495495E-01  8.83482611150720E+01  1.64239988538933E+02  1.66520457955694E+02 
-4.89489489489490E-01  8.78536734669280E+01  1.65944661506942E+02  1.65894356400969E+02 
-4.83483483483484E-01  8.73950170266316E+01  1.67671325602842E+02  1.65239221442042E+02 
-4.77477477477477E-01  8.69721951342196E+01  1.69417692801577E+02  1.64556499270084E+02 
-4.71471471471471E-01  8.65849631946773E+01  1.71181577573885E+02  1.63847626018080E+02 
-4.65465465465465E-01  8.62329307545732E+01  1.72960894721982E+02  1.63114026494821E+02 
-4.59459459459460E-01  8.59155648403735E+01  1.74753656736126E+02  1.62357112976196E+02 
-4.53453453453454E-01  8.56322427071573E+01  1.76557974964467E+02  1.61578315704411E+02 
-4.47447447447447E-01  8.53820638970257E+01  1.78372038781832E+02  1.60778957406374E+02 
-4.41441441441441E-01  8.51641490001082E+01  1.80194139279822E+02  1.59960435046846E+02 
-4.35435435435435E-01  8.49774517959161E+01  1.82022646620466E+02  1.59124099816309E+02 
-4.29429429429430E-01  8.48208170903893E+01  1.83856011054663E+02  1.58271285176198E+02 
-4.23423423423424E-01  8.46929901072080E+01  1.85692758967385E+02  1.57403305980511E+02 
-4.17417417417417E-01  8.45926264771329E+01  1.87531488889637E+02  1.56521457650237E+02 
-4.11411411411411E-01  8.45183026832577E+01  1.89370867512179E+02  1.55627015399809E+02 
-4.05405405405405E-01  8.44685268194216E+01  1.91209625730758E+02  1.54721233514779E+02 
-3.99399399399400E-01  8.44417495220044E+01  1.93046554747863E+02  1.53805344679870E+02 
-3.93393393393394E-01  8.44363749415713E+01  1.94880502251793E+02  1.52880559356549E+02 
-3.87387387387387E-01  8.44507716298759E+01  1.96710368690213E+02  1.51948065209256E+02 
-3.81381381381381E-01  8.44832832289491E+01  1.98535103652030E+02  1.51009026579402E+02 
-3.75375375375375E-01  8.45322388618886E+01  2.00353702368754E+02  1.50064584006243E+02 
-3.69369369369370E-01  8.45959631389733E+01  2.02165202343877E+02  1.49115853793756E+02 
-3.63363363363364E-01  8.46727857070848E+01  2.03968680116870E+02  1.48163927622583E+02 
-3.57357357357357E-01  8.47610502849937E+01  2.05763248166407E+02  1.47209872206201E+02 
-3.51351351351351E-01  8.48591231410545E+01  2.07548051955994E+02  1.46254728990394E+02 
-3.45345345345345E-01  8.49654009831282E+01  2.09322267123726E+02  1.45299513895161E+02 
-3.39339339339340E-01  8.50783182428047E+01  2.11085096816854E+02  1.44345217098196E+02 
-3.33333333333333E-01  8.51963537469093E+01  2.12835769170793E+02  1.43392802859069E+02 
-3.27327327327327E-01  8.53180367789257E+01  2.14573534931453E+02  1.42443209383266E+02 
-3.21321321321321E-01  8.54419525411330E+01  2.16297665219040E+02  1.41497348725243E+02 
-3.15315315315315E-01  8.55667470349906E+01  2.18007449430950E+02  1.40556106729688E+02 
-3.09309309309310E-01  8.56911313827231E+01  2.19702193280851E+02  1.39620343010147E+02 
-3.03303303303303E-01  8.58138856171249E+01  2.21381216970736E+02  1.38690890964236E+02 
-2.97297297297297E-01  8.59338619695176E+01  2.23043853492339E+02  1.37768557824630E+02 
-2.91291291291291E-01  8.60499876876322E+01  2.24689447054124E+02  1.36854124745034E+02 
-2.85285285285285E-01  8.61612674160889E+01  2.26317351629831E+02  1.35948346920368E+02 
-2.79279279279279E-01  8.62667851722504E+01  2.27926929624398E+02  1.35051953740358E+02 
-2.73273273273273E-01  8.63657059496286E+01  2.29517550653042E+02  1.34165648975759E+02 
-2.67267267267267E-01  8.64572769798910E+01  2.31088590429131E+02  1.33290110996411E+02 
-2.61261261261261E-01  8.65408286829019E+01  2.32639429756495E+02  1.32425993020313E+02 
-2.55255255255255E-01  8.66157753322941E+01  2.34169453621806E+02  1.31573923392905E+02 
-2.49249249249249E-01  8.66816154618338E+01  2.35678050382646E+02  1.30734505895698E+02 
-2.43243243243243E-01  8.67379320354339E+01  2.37164611046920E+02  1.29908320083402E+02 
-2.37237237237237E-01  8.67843924011035E+01  2.38628528639371E+02  1.29095921648621E+02 
-2.31231231231231E-01  8.68207480465313E+01  2.40069197650911E+02  1.28297842813210E+02 
-2.25225225225225E-01  8.68468341712826E+01  2.41486013566684E+02  1.27514592745275E+02 
-2.19219219219219E-01  8.68625690879745E+01  2.42878372468772E+02  1.26746658000821E+02 
-2.13213213213213E-01  8.68679534621177E+01  2.44245670709590E+02  1.25994502988938E+02 
-2.07207207207207E-01  8.68630693977374E+01  2.45587304652141E+02  1.25258570459395E+02 
-2.01201201201201E-01  8.68480793733614E+01  2.46902670473366E+02  1.24539282011427E+02 
-1.95195195195195E-01  8.68232250305365E+01  2.48191164026996E+02  1.23837038622462E+02 
-1.89189189189189E-01  8.67888258146672E+01  2.49452180762416E+02  1.23152221195410E+02 
-1.83183183183183E-01  8.67452774657994E+01  2.50685115696146E+02  1.22485191123128E+02 
-1.77177177177177E-01  8.66930503548298E+01  2.51889363432767E+02  1.21836290868540E+02 
-1.71171171171171E-01  8.66326876587173E+01  2.53064318232152E+02  1.21205844558847E+02 
-1.65165165165165E-01  8.65648033664801E+01  2.54209374120056E+02  1.20594158592174E+02 
-1.59159159159159E-01  8.64900801061839E+01  2.55323925039263E+02  1.20001522254905E+02 
-1.53153153153153E-01  8.64092667817589E+01  2.56407365038591E+02  1.19428208347905E+02 
-1.47147147147147E-01  8.63231760073633E+01  2.57459088497229E+02  1.18874473819731E+02 
-1.41141141141141E-01  8.62326813261673E+01  2.58478490381978E+02  1.18340560404869E+02 
-1.35135135135135E-01  8.61387141999160E+01  2.59464966535182E+02  1.17826695264955E+02 
-1.29129129129129E-01  8.60422607554596E+01  2.60417913991137E+02  1.17333091630887E+02 
-1.23123123123123E-01  8.59443582746720E+01  2.61336731319083E+02  1.16859949443668E+02 
-1.17117117117117E-01  8.58460914148770E+01  2.62220818990835E+02  1.16407455991763E+02 
-1.11111111111111E-01  8.57485881480341E+01  2.63069579771356E+02  1.15975786542722E+02 
-1.05105105105105E-01  8.56530154086673E+01  2.63882419130673E+02  1.15565104966777E+02 
-9.90990990990990E-02  8.55605744427410E+01  2.64658745675630E+02  1.15175564350103E+02 
-9.30930930930933E-02  8.54724958525505E+01  2.65397971600153E+02  1.14807307595411E+02 
-8.70870870870872E-02  8.53900343361263E+01  2.66099513152741E+02  1.14460468007557E+02 
-8.10810810810811E-02  8.53144631237051E+01  2.66762791120106E+02  1.14135169861822E+02 
-7.50750750750750E-02  8.52470681184630E+01  2.67387231325902E+02  1.13831528952607E+02 
-6.90690690690690E-02  8.51891417538836E+01  2.67972265143666E+02  1.13549653120235E+02 
-6.30630630630633E-02  8.51419765858211E+01  2.68517330023144E+02  1.13289642753687E+02 
-5.70570570570572E-02  8.51068586433988E+01  2.69021870029312E+02  1.13051591267097E+02 
-5.10510510510511E-02  8.50850605692432E+01  2.69485336393469E+02  1.12835585547938E+02 
-4.50450450450450E-02  8.50778345860890E+01  2.69907188075895E+02  1.12641706374908E+02 
-3.90390390390389E-02  8.50864053332671E+01  2.70286892339634E+02  1.12470028803631E+02 
-3.30330330330328E-02  8.51119626228975E+01  2.70623925335062E+02  1.12320622518401E+02 
-2.70270270270272E-02  8.51556541714627E+01  2.70917772694979E+02  1.12193552148309E+02 
-2.10210210210211E-02  8.52185783676899E+01  2.71167930140019E+02  1.12088877546250E+02 
-1.50150150150150E-02  8.53017771420493E+01  2.71373904094293E+02  1.12006654029447E+02 
-9.00900900900892E-03  8.54062290064957E+01  2.71535212311188E+02  1.11946932580258E+02 
-3.00300300300282E-03  8.55328423351371E+01  2.71651384509373E+02  1.11909760006260E+02 
 3.00300300300282E-03  8.56824489571470E+01  2.71721963019080E+02  1.11895179058695E+02 
 9.00900900900892E-03  8.58557981323223E+01  2.71746503438814E+02  1.11903228508619E+02 
 1.50150150150150E-02  8.60535509771439E+01  2.71724575302708E+02  1.11933943180214E+02 
 2.10210210210211E-02  8.62762754050154E+01  2.71655762758771E+02  1.11987353940967E+02 
 2.70270270270272E-02  8.65244416385856E+01  2.71539665258358E+02  1.12063487648555E+02 
 3.30330330330328E-02  8.67984183447908E+01  2.71375898257227E+02  1.12162367054524E+02 
 3.90390390390389E-02  8.70984694346799E+01  2.71164093928603E+02  1.12284010664983E+02 
 4.50450450450450E-02  8.74247515604271E+01  2.70903901888725E+02  1.12428432558778E+02 
 5.10510510510511E-02  8.77773123314596E+01  2.70594989935390E+02  1.12595642163744E+02 
 5.70570570570572E-02  8.81560892606560E+01  2.70237044800058E+02  1.12785643991868E+02 
 6.30630630630629E-02  8.85609094404206E+01  2.69829772914145E+02  1.12998437334334E+02 
 6.90690690690690E-02  8.89914899374579E+01  2.69372901190154E+02  1.13234015917603E+02 
 7.50750750750750E-02  8.94474388845664E+01  2.68866177818353E+02  1.13492367521844E+02 
 8.10810810810811E-02  8.99282572380527E+01  2.68309373079786E+02  1.13773473563198E+02 
 8.70870870870872E-02  9.04333411606864E+01  2.67702280176382E+02  1.14077308641463E+02 
 9.30930930930929E-02  9.09619849826810E+01  2.67044716079080E+02  1.14403840054957E+02 
 9.90990990990990E-02  9.15133846871570E+01  2.66336522394830E+02  1.14753027284419E+02 
 1.05105105105105E-01  9.20866418619871E+01  2.65577566253507E+02  1.15124821447911E+02 
 1.11111111111111E-01  9.26807680569191E+01  2.64767741215707E+02  1.15519164728789E+02 
 1.17117117117117E-01  9.32946894833326E+01  2.63906968202588E+02  1.15935989778889E+02 
 1.23123123123123E-01  9.39272519938972E+01  2.62995196448874E+02  1.16375219099122E+02 
 1.29129129129129E-01  9.45772262805961E+01  2.62032404480300E+02  1.16836764399769E+02 
 1.35135135135135E-01  9.52433132319475E+01  2.61018601116789E+02  1.17320525942748E+02 
 1.41141141141141E-01  9.59241493935816E+01  2.59953826502786E+02  1.17826391868213E+02 
 1.47147147147147E-01  9.66183124804753E+01  2.58838153166245E+02  1.18354237507802E+02 
 1.53153153153153E-01  9.73243268938717E+01  2.57671687107832E+02  1.18903924686893E+02 
 1.59159159159159E-01  9.80406692010548E+01  2.56454568922100E+02  1.19475301018189E+02 
 1.65165165165165E-01  9.87657735415454E+01  2.55186974952380E+02  1.20068199188951E+02 
 1.71171171171171E-01  9.94980369287332E+01  2.53869118481389E+02  1.20682436244147E+02 
 1.77177177177177E-01  1.00235824421372E+02  2.52501250959567E+02  1.21317812867748E+02 
 1.83183183183183E-01  1.00977474144583E+02  2.51083663273390E+02  1.21974112664354E+02 
 1.89189189189189E-01  1.01721302144960E+02  2.49616687055993E+02  1.22651101443285E+02 
 1.95195195195195E-01  1.02465607068984E+02  2.48100696042624E+02  1.23348526507170E+02 
 2.01201201201201E-01  1.03208674658142E+02  2.46536107473643E+02  1.24066115947049E+02 
 2.07207207207207E-01  1.03948782057958E+02  2.44923383547870E+02  1.24803577945884E+02 
 2.13213213213213E-01  1.04684201941455E+02  2.43263032929422E+02  1.25560600092328E+02 
 2.19219219219219E-01  1.05413206450489E+02  2.41555612311227E+02  1.26336848706509E+02 
 2.25225225225225E-01  1.06134070960853E+02  2.39801728038686E+02  1.27131968179513E+02 
 2.31231231231231E-01  1.06845077679123E+02  2.38002037797186E+02  1.27945580328169E+02 
 2.37237237237237E-01  1.07544519080912E+02  2.36157252367279E+02  1.28777283766672E+02 
 2.43243243243243E-01  1.08230701201519E+02  2.34268137451686E+02  1.29626653296492E+02 
 2.49249249249249E-01  1.08901946791018E+02  2.32335515578374E+02  1.30493239315957E+02 
 2.55255255255255E-01  1.09556598346590E+02  2.30360268084216E+02  1.31376567250842E+02 
 2.61261261261261E-01  1.10193021035400E+02  2.28343337183959E+02  1.32276137007201E+02 
 2.67267267267267E-01  1.10809605521715E+02  2.26285728129258E+02  1.33191422447673E+02 
 2.73273273273273E-01  1.11404770712052E+02  2.24188511462828E+02  1.34121870892394E+02 
 2.79279279279279E-01  1.11976966432251E+02  2.22052825372699E+02  1.35066902645641E+02 
 2.85285285285285E-01  1.12524676050264E+02  2.19879878151668E+02  1.36025910549267E+02 
 2.91291291291291E-01  1.13046419058328E+02  2.17670950766929E+02  1.36998259563989E+02 
 2.97297297297297E-01  1.13540753628017E+02  2.15427399544734E+02  1.37983286379520E+02 
 3.03303303303303E-01  1.14006279151447E+02  2.13150658974598E+02  1.38980299054571E+02 
 3.09309309309309E-01  1.14441638781690E+02  2.10842244637162E+02  1.39988576687679E+02 
 3.15315315315315E-01  1.14845521985255E+02  2.08503756259103E+02  1.41007369119874E+02 
 3.21321321321321E-01  1.15216667119290E+02  2.06136880897628E+02  1.42035896670130E+02 
 3.27327327327327E-01  1.15553864046029E+02  2.03743396255875E+02  1.43073349904607E+02 
 3.33333333333333E-01  1.15855956796889E+02  2.01325174128937E+02  1.44118889440655E+02 
 3.39339339339339E-01  1.16121846298567E+02  1.98884183978278E+02  1.45171645786593E+02 
 3.45345345345345E-01  1.16350493173505E+02  1.96422496629725E+02  1.46230719218276E+02 
 3.51351351351351E-01  1.16540920627167E+02  1.93942288087089E+02  1.47295179693491E+02 
 3.57357357357357E-01  1.16692217434700E+02  1.91445843449588E+02  1.48364066805227E+02 
 3.63363363363364E-01  1.16803541039769E+02  1.88935560916463E+02  1.49436389774918E+02 
 3.69369369369369E-01  1.16874120778663E+02  1.86413955856446E+02  1.50511127486737E+02 
 3.75375375375375E-01  1.16903261243084E+02  1.83883664912794E+02  1.51587228564094E+02 
 3.81381381381381E-01  1.16890345795483E+02  1.81347450106386E+02  1.52663611489471E+02 
 3.87387387387387E-01  1.16834840251271E+02  1.78808202889568E+02  1.53739164768774E+02 
 3.93393393393394E-01  1.16736296742754E+02  1.76268948092048E+02  1.54812747141407E+02 
 3.99399399399399E-01  1.16594357780242E+02  1.73732847686770E+02  1.55883187837260E+02 
 4.05405405405405E-01  1.16408760526288E+02  1.71203204288369E+02  1.56949286881874E+02 
 4.11411411411411E-01  1.16179341299676E+02  1.68683464279320E+02  1.58009815451008E+02 
 4.17417417417417E-01  1.15906040326236E+02  1.66177220439065E+02  1.59063516275874E+02 
 4.23423423423424E-01  1.15588906754058E+02  1.63688213929535E+02  1.60109104100310E+02 
 4.29429429429429E-01  1.15228103950973E+02  1.61220335466215E+02  1.61145266191154E+02 
 4.35435435435435E-01  1.14823915102310E+02  1.58777625478059E+02  1.62170662903081E+02 
 4.41441441441441E-01  1.14376749126736E+02  1.56364273032148E+02  1.63183928299171E+02 
 4.47447447447447E-01  1.13887146927472E+02  1.53984613271041E+02  1.64183670828453E+02 
 4.53453453453454E-01  1.13355787995067E+02  1.51643123083295E+02  1.65168474061653E+02 
 4.59459459459460E-01  1.12783495498798E+02  1.49344352438053E+02  1.66136855736763E+02 
 4.65465465465465E-01  1.12171250551267E+02  1.47093161771068E+02  1.67087437373382E+02 
 4.71471471471471E-01  1.11520190421441E+02  1.44894345300002E+02  1.68018689960321E+02 
 4.77477477477477E-01  1.10831622452651E+02  1.42752857177608E+02  1.68929106124715E+02 
 4.83483483483484E-01  1.10107031252041E+02  1.40673733865468E+02  1.69817158197858E+02 
 4.89489489489490E-01  1.09348087569242E+02  1.38662072317305E+02  1.70681299322775E+02 
 4.95495495495495E-01  1.08556657522800E+02  1.36723004131910E+02  1.71519964627623E+02 
 5.01501501501501E-01  1.07734812135306E+02  1.34861665464617E+02  1.72331572465835E+02 
 5.07507507507508E-01  1.06884837119772E+02  1.33083162580068E+02  1.73114525723852E+02 
 5.13513513513514E-01  1.06009242837100E+02  1.31392533052311E+02  1.73867213197187E+02 
 5.19519519519520E-01  1.05110774316711E+02  1.29794702771749E+02  1.74588011035502E+02 
 5.25525525525525E-01  1.04192421198896E+02  1.28294439100291E+02  1.75275284257299E+02 
 5.31531531531531E-01  1.03257427417509E+02  1.26896300721675E+02  1.75927388334695E+02 
 5.37537537537538E-01  1.02309300394727E+02  1.25604584955258E+02  1.76542670848669E+02 
 5.43543543543544E-01  1.01351819465354E+02  1.24423273527031E+02  1.77119473215068E+02 
 5.49549549549550E-01  1.00389043186557E+02  1.23355978006132E+02  1.77656132481506E+02 
 5.55555555555555E-01  9.94253151203977E+01  1.22405886301218E+02  1.78150983195201E+02 
 5.61561561561561E-01  9.84652676024392E+01  1.21575711749881E+02  1.78602359341634E+02 
 5.67567567567568E-01  9.75138224523784E+01  1.20867734262489E+02  1.79008596353794E+02 
 5.73573573573574E-01  9.65761911515100E+01  1.20283410773439E+02  1.79368033191613E+02 
 5.79579579579580E-01  9.56578651497694E+01  1.19823860363364E+02  1.79679014491074E+02 
 5.85585585585585E-01  9.47646079401800E+01  1.19489496258402E+02  1.79939892782265E+02 
 5.91591591591591E-01  9.39024381049263E+01  1.19280095514507E+02  1.80149030775557E+02 
 5.97597597597598E-01  9.30776067598120E+01  1.19194793975800E+02  1.80304803714886E+02 
 6.03603603603604E-01  9.22965678547602E+01  1.19232091828198E+02  1.80405601796957E+02 
 6.09609609609610E-01  9.15659538800401E+01  1.19389917909352E+02  1.80449832655044E+02 
 6.15615615615615E-01  9.08924764106996E+01  1.19665461972874E+02  1.80435923905886E+02 
 6.21621621621621E-01  9.02829524693832E+01  1.20055500203601E+02  1.80362325758047E+02 
 6.27627627627628E-01  8.97441868490434E+01  1.20556243928581E+02  1.80227513679926E+02 
 6.33633633633634E-01  8.92829142699877E+01  1.21163436730142E+02  1.80029991125512E+02 
 6.39639639639640E-01  8.89057205285766E+01  1.21872407731378E+02  1.79768292315824E+02 
 6.45645645645645E-01  8.86189577611503E+01  1.22678127802247E+02  1.79440985073896E+02 
 6.51651651651652E-01  8.84286558088337E+01  1.23575267074081E+02  1.79046673711075E+02 
 6.57657657657658E-01  8.83404321790001E+01  1.24558252272484E+02  1.78584001962349E+02 
 6.63663663663664E-01  8.83593979191092E+01  1.25621209483392E+02  1.78051655968408E+02 
 6.69669669669670E-01  8.84900957872168E+01  1.26758470594898E+02  1.77448367302138E+02 
 6.75675675675675E-01  8.87363920484700E+01  1.27963942381034E+02  1.76772916037341E+02 
 6.81681681681682E-01  8.91014328738733E+01  1.29231606413787E+02  1.76024133857539E+02 
 6.87687687687688E-01  8.95875882266497E+01  1.30555446752986E+02  1.75200907202916E+02 
 6.93693693693694E-01  9.01964168604380E+01  1.31929486540111E+02  1.74302180453678E+02 
 6.99699699699700E-01  9.09286485658454E+01  1.33347819894548E+02  1.73326959148390E+02 
 7.05705705705705E-01  9.17841840860503E+01  1.34804639225033E+02  1.72274313236262E+02 
 7.11711711711712E-01  9.27621122032890E+01  1.36294258176915E+02  1.71143428762327E+02 
 7.17717717717718E-01  9.38607426443092E+01  1.37811130513547E+02  1.69933428794949E+02 
 7.23723723723724E-01  9.50776527396105E+01  1.39349865280650E+02  1.68643633615607E+02 
 7.29729729729730E-01  9.64097452529443E+01  1.40905238630033E+02  1.67273403730439E+02 
 7.35735735735736E-01  9.78533145016017E+01  1.42472202687729E+02  1.65822088373188E+02 
 7.41741741741742E-01  9.94041178144924E+01  1.44045891845685E+02  1.64289389043301E+02 
 7.47747747747748E-01  1.01057449499956E+02  1.45621626839464E+02  1.62674838619936E+02 
 7.53753753753754E-01  1.02808214777878E+02  1.47194916950197E+02  1.60978143637419E+02 
 7.59759759759760E-01  1.04651001521470E+02  1.48761460640309E+02  1.59199106002629E+02 
 7.65765765765766E-01  1.06580148102603E+02  1.50317144901287E+02  1.57337626701534E+02 
 7.71771771771772E-01  1.08589806095611E+02  1.51858043560014E+02  1.55393709593375E+02 
 7.77777777777778E-01  1.10673997031963E+02  1.53380414758959E+02  1.53367465309686E+02 
 7.83783783783784E-01  1.12826662786865E+02  1.54880697795911E+02  1.51259115279346E+02 
 7.89789789789790E-01  1.15041709503910E+02  1.56355509481420E+02  1.49068995905666E+02 
 7.95795795795796E-01  1.17313045219895E+02  1.57801640147057E+02  1.46797562927379E+02 
 8.01801801801802E-01  1.19634611540213E+02  1.59216049415156E+02  1.44445396002505E+02 
 8.07807807807808E-01  1.22000409842152E+02  1.60595861820865E+02  1.42013203562828E+02 
 8.13813813813814E-01  1.24404522557855E+02  1.61938362360021E+02  1.39501827997432E+02 
 8.19819819819820E-01  1.26841130120871E+02  1.63240992021415E+02  1.36912251237053E+02 
 8.25825825825826E-01  1.29304524159853E+02  1.64501343349250E+02  1.34245600827483E+02 
 8.31831831831832E-01  1.31789117499426E+02  1.65717156070786E+02  1.31503156600831E+02 
 8.37837837837838E-01  1.34289451488984E+02  1.66886312815143E+02  1.28686358079218E+02 
 8.43843843843844E-01  1.36800201131793E+02  1.68006834941711E+02  1.25796812777894E+02 
 8.49849849849850E-01  1.39316328617187E+02  1.69076954242010E+02  1.22836305615706E+02 
 8.55855855855856E-01  1.41832496754740E+02  1.70094813580429E+02  1.19806809692870E+02 
 8.61861861861862E-01  1.44343934378620E+02  1.71058895148219E+02  1.16710498762233E+02 
 8.67867867867868E-01  1.46845972851995E+02  1.71967953626574E+02  1.13549761805201E+02 
 8.73873873873874E-01  1.49333790517105E+02  1.72820232472395E+02  1.10327220232824E+02 
 8.79879879879880E-01  1.51802773592263E+02  1.73614586238804E+02  1.07045748374002E+02 
 8.85885885885886E-01  1.54248978861069E+02  1.74350123750288E+02  1.03708498096831E+02 
 8.91891891891892E-01  1.56667986278288E+02  1.75025733968764E+02  1.00318928649570E+02 
 8.97897897897898E-01  1.59055709394371E+02  1.75640519980276E+02  9.68811399624859E+01 
 9.03903903903904E-01  1.61408193931905E+02  1.76193688812721E+02  9.33988110392229E+01 
 9.09909909909910E-01  1.63721616274967E+02  1.76684548574758E+02  8.98767835580355E+01 
 9.15915915915916E-01  1.65992282048871E+02  1.77112505678597E+02  8.63201601454335E+01 
 9.21921921921922E-01  1.68216624816571E+02  1.77477062138978E+02  8.27348118961890E+01 
 9.27927927927928E-01  1.70391204908178E+02  1.77777812940850E+02  7.91271247068307E+01 
 9.33933933933934E-01  1.72512708392219E+02  1.78014443468638E+02  7.55044137427892E+01 
 9.39939939939940E-01  1.74577946190997E+02  1.78186726990302E+02  7.18750306741061E+01 
 9.45945945945946E-01  1.76583853337604E+02  1.78294522189890E+02  6.82485979373292E+01 
 9.51951951951952E-01  1.78527488368362E+02  1.78337770742669E+02  6.46363117256245E+01 
 9.57957957957958E-01  1.80406032841678E+02  1.78316494927438E+02  6.10513346276343E+01 
 9.63963963963964E-01  1.82216790972215E+02  1.78230795271073E+02  5.75093039614788E+01 
 9.69969969969970E-01  1.83957189367873E+02  1.78080848220866E+02  5.40289863078537E+01 
 9.75975975975976E-01  1.85624776856081E+02  1.77866903840644E+02  5.06331096192644E+01 
 9.81981981981982E-01  1.87217224385359E+02  1.77589283527175E+02  4.73493950746755E+01 
 9.87987987987988E-01  1.88732324987864E+02  1.77248377743786E+02  4.42117784296339E+01 
 9.93993993993994E-01  1.90167993788646E+02  1.76844643768556E+02  4.12617311671646E+01 
 1.00000000000000E+00  1.91522268047505E+02  1.76378603454901E+02  3.85494288410208E+01 
 1.00600600600601E+00  1.92793307219730E+02  1.75850841002724E+02  3.61342299364811E+01 
 1.01201201201201E+00  1.93979393022430E+02  1.75262000738732E+02  3.40835352548048E+01 
 1.01801801801802E+00  1.95078929493736E+02  1.74612784904863E+02  3.24687771042765E+01 
 1.02402402402402E+00  1.96090443032754E+02  1.73903951454112E+02  3.13575311748611E+01 
 1.03003003003003E+00  1.97012582408831E+02  1.73136311853399E+02  3.08022094284184E+01 
 1.03603603603604E+00  1.97844118729352E+02  1.72310728893383E+02  3.08284270729711E+01 
 1.04204204204204E+00  1.98583945356049E+02  1.71428114505474E+02  3.14280952159169E+01 
 1.04804804804805E+00  1.99231077760495E+02  1.70489427586500E+02  3.25609457309343E+01 
 1.05405405405405E+00  1.99784653310203E+02  1.69495671831805E+02  3.41636955254776E+01 
 1.06006006006006E+00  2.00243930977496E+02  1.68447893577734E+02  3.61622450729212E+01 
 1.06606606606607E+00  2.00608290964021E+02  1.67347179654710E+02  3.84821873622187E+01 
 1.07207207207207E+00  2.00877234234552E+02  1.66194655252298E+02  4.10554112500132E+01 
 1.07807807807808E+00  2.01050381954399E+02  1.64991481797845E+02  4.38229879235950E+01 
 1.08408408408408E+00  2.01127474825483E+02  1.63738854850438E+02  4.67355664882135E+01 
 1.09009009009009E+00  2.01108372316844E+02  1.62438002012101E+02  4.97524886774695E+01 
 1.09609609609610E+00  2.00993051786009E+02  1.61090180858267E+02  5.28404379179345E+01 
 1.10210210210210E+00  2.00781607488349E+02  1.59696676889709E+02  5.59720598601301E+01 
 1.10810810810811E+00  2.00474249472218E+02  1.58258801508216E+02  5.91247426801407E+01 
 1.11411411411411E+00  2.00071302358321E+02  1.56777890018398E+02  6.22796113182588E+01 
 1.12012012012012E+00  1.99573204002381E+02  1.55255299658103E+02  6.54207283762824E+01 
 1.12612612612613E+00  1.98980504040821E+02  1.53692407659988E+02  6.85344718091574E+01 
 1.13213213213213E+00  1.98293862319790E+02  1.52090609346860E+02  7.16090552362093E+01 
 1.13813813813814E+00  1.97514047208443E+02  1.50451316263459E+02  7.46341598076102E+01 
 1.14414414414414E+00  1.96641933797972E+02  1.48775954347360E+02  7.76006519275488E+01 
 1.15015015015015E+00  1.95678501988484E+02  1.47065962141758E+02  8.05003665481435E+01 
 1.15615615615616E+00  1.94624834466310E+02  1.45322789052854E+02  8.33259404129387E+01 
 1.16216216216216E+00  1.93482114574940E+02  1.43547893654607E+02  8.60706833744726E+01 
 1.16816816816817E+00  1.92251624083237E+02  1.41742742043597E+02  8.87284788103009E+01 
 1.17417417417417E+00  1.90934740855111E+02  1.39908806246717E+02  9.12937063633941E+01 
 1.18018018018018E+00  1.89532936425327E+02  1.38047562684412E+02  9.37611818874369E+01 
 1.18618618618619E+00  1.88047773486559E+02  1.36160490692118E+02  9.61261107156935E+01 
 1.19219219219219E+00  1.86480903293272E+02  1.34249071102512E+02  9.83840512978166E+01 
 1.19819819819820E+00  1.84834062988439E+02  1.32314784891147E+02  1.00530886942253E+02 
 1.20420420420420E+00  1.83109072859491E+02  1.30359111887936E+02  1.02562803922648E+02 
 1.21021021021021E+00  1.81307833530308E+02  1.28383529556919E+02  1.04476274599461E+02 
 1.21621621621622E+00  1.79432323096428E+02  1.26389511846609E+02  1.06268044505780E+02 
 1.22222222222222E+00  1.77484594210987E+02  1.24378528113165E+02  1.07935122573147E+02 
 1.22822822822823E+00  1.75466771129252E+02  1.22352042118497E+02  1.09474773847120E+02 
 1.23423423423423E+00  1.73381046719922E+02  1.20311511105304E+02  1.10884514176292E+02 
 1.24024024024024E+00  1.71229679451673E+02  1.18258384950937E+02  1.12162106462443E+02 
 1.24624624624625E+00  1.69014990363701E+02  1.16194105401831E+02  1.13305558140640E+02 
 1.25225225225225E+00  1.66739360029304E+02  1.14120105390129E+02  1.14313119621861E+02 
 1.25825825825826E+00  1.64405225521813E+02  1.12037808433974E+02  1.15183283481160E+02 
 1.26426426426426E+00  1.62015077392411E+02  1.09948628122792E+02  1.15914784214664E+02 
 1.27027027027027E+00  1.59571456669678E+02  1.07853967688764E+02  1.16506598420998E+02 
 1.27627627627628E+00  1.57076951890925E+02  1.05755219665508E+02  1.16957945289072E+02 
 1.28228228228228E+00  1.54534196175684E+02  1.03653765634848E+02  1.17268287295694E+02 
 1.28828828828829E+00  1.51945864351956E+02  1.01550976062410E+02  1.17437344565488E+02 
 1.29429429429429E+00  1.49314670146193E+02  9.94482102226083E+01  1.17465925163720E+02 
 1.30030030030030E+00  1.46643363448271E+02  9.73468162134581E+01  1.17353314683313E+02 
 1.30630630630631E+00  1.43934727663139E+02  9.52481310614865E+01  1.17099914976522E+02 
 1.31231231231231E+00  1.41191577161258E+02  9.31534809168870E+01  1.16706377926838E+02 
 1.31831831831832E+00  1.38416754840451E+02  9.10641813389106E+01  1.16170007808847E+02 
 1.32432432432432E+00  1.35613129812405E+02  8.89815376713515E+01  1.15498883238987E+02 
 1.33033033033033E+00  1.32783595227755E+02  8.69068455078516E+01  1.14691315307994E+02 
 1.33633633633634E+00  1.29931066254534E+02  8.48413912466049E+01  1.13748993659414E+02 
 1.34234234234234E+00  1.27058478225737E+02  8.27864527338996E+01  1.12673858736261E+02 
 1.34834834834835E+00  1.24168784972915E+02  8.07432999957652E+01  1.11468102260536E+02 
 1.35435435435435E+00  1.21264957364066E+02  7.87131960568178E+01  1.10134167736301E+02 
 1.36036036036036E+00  1.18349982065703E+02  7.66973978451715E+01  1.08674751033509E+02 
 1.36636636636637E+00  1.15426860550773E+02  7.46971571819881E+01  1.07092801126478E+02 
 1.37237237237237E+00  1.12498608376295E+02  7.27137218539017E+01  1.05391521080792E+02 
 1.37837837837838E+00  1.09568254756987E+02  7.07483367660536E+01  1.03574369406312E+02 
 1.38438438438438E+00  1.06638949232946E+02  6.88023838637629E+01  1.01645061923029E+02 
 1.39039039039039E+00  1.03713699443361E+02  6.68769250450808E+01  9.96075743222326E+01 
 1.39639639639640E+00  1.00795082652418E+02  6.49729151324898E+01  9.74661456495828E+01 
 1.40240240240240E+00  9.78868927666262E+01  6.30921670232741E+01  9.52252829917702E+01 
 1.40840840840841E+00  9.49919621117415E+01  6.12356960130291E+01  9.28897677174245E+01 
 1.41441441441441E+00  9.21134135580533E+01  5.94047579513823E+01  9.04646637100022E+01 
 1.42042042042042E+00  8.92543918152862E+01  5.76006157449601E+01  8.79553281406687E+01 
 1.42642642642643E+00  8.64180667218881E+01  5.58245409341567E+01  8.53674254696042E+01 
 1.43243243243243E+00  8.36076372252030E+01  5.40778152578181E+01  8.27069455435700E+01 
 1.43843843843844E+00  8.08263361132577E+01  5.23617321753653E+01  7.99802268874043E+01 
 1.44444444444444E+00  7.80774355583159E+01  5.06775983073746E+01  7.71939865821930E+01 
 1.45045045045045E+00  7.53642535280859E+01  4.90267347450353E+01  7.43553585016706E+01 
 1.45645645645646E+00  7.26901611107770E+01  4.74104781659445E+01  7.14719421639206E+01 
 1.46246246246246E+00  7.00585907825890E+01  4.58301816780046E+01  6.85518650747372E+01 
 1.46846846846847E+00  6.74730456172727E+01  4.42872152944515E+01  6.56038622214111E+01 
 1.47447447447447E+00  6.49371093928204E+01  4.27829659211170E+01  6.26373773480820E+01 
 1.48048048048048E+00  6.24544574842491E+01  4.13188367118473E+01  5.96626918178882E+01 
 1.48648648648649E+00  6.00288683367081E+01  3.98962456199244E+01  5.66910882141373E+01 
 1.49249249249249E+00  5.76642351808499E+01  3.85166229430967E+01  5.37350572306913E+01 
 1.49849849849850E+00  5.53645774722883E+01  3.71814076288798E+01  5.08085575347194E+01 
 1.50450450450450E+00  5.31340512979109E+01  3.58920420775044E+01  4.79273384566836E+01 
 1.51051051051051E+00  5.09769576832553E+01  3.46499651557887E+01  4.51093331690472E+01 
 1.51651651651652E+00  4.88977473498028E+01  3.34566031212818E+01  4.23751228165512E+01 
 1.52252252252252E+00  4.69010200093861E+01  3.23133581588302E+01  3.97484552389146E+01 
 1.52852852852853E+00  4.49915157601318E+01  3.12215942593871E+01  3.72567681671546E+01 
 1.53453453453453E+00  4.31740956043001E+01  3.01826202328419E+01  3.49316063284524E+01 
 1.54054054054054E+00  4.14537076194603E+01  2.91976697526133E+01  3.28087263856020E+01 
 1.54654654654655E+00  3.98353350065732E+01  2.82678784884692E+01  3.09275583595060E+01 
 1.55255255255255E+00  3.83239222949060E+01  2.73942586008194E+01  2.93295819218978E+01 
 1.55855855855856E+00  3.69242766399653E+01  2.65776711436504E+01  2.80551969111744E+01 
 1.56456456456456E+00  3.56409426647322E+01  2.58187972439187E+01  2.71389989635413E+01 
 1.57057057057057E+00  3.44780518784164E+01  2.51181092697195E+01  2.66041180057434E+01 
 1.57657657657658E+00  3.34391514163979E+01  2.44758435313007E+01  2.64571937459061E+01 
 1.58258258258258E+00  3.25270214416471E+01  2.38919763289356E+01  2.66859456153324E+01 
 1.58858858858859E+00  3.17434953842986E+01  2.33662053135477E+01  2.72605118200424E+01 
 1.59459459459459E+00  3.10893012039419E+01  2.28979381057037E+01  2.81380796633271E+01 
 1.60060060060060E+00  3.05639437257623E+01  2.24862898866558E+01  2.92689931316508E+01 
 1.60660660660661E+00  3.01656466600324E+01  2.21300912194516E+01  3.06023801445293E+01 
 1.61261261261261E+00  2.98913676517464E+01  2.18279067034427E+01  3.20901573445057E+01 
 1.61861861861862E+00  2.97368892502482E+01  2.15780632625171E+01  3.36892292837985E+01 
 1.62462462462462E+00  2.96969923954862E+01  2.13786934025538E+01  3.53622688278187E+01 
 1.63063063063063E+00  2.97656663019622E+01  2.12277750605517E+01  3.70776099170623E+01 
 1.63663663663664E+00  2.99363762900628E+01  2.11231887402164E+01  3.88086935804900E+01 
 1.64264264264264E+00  3.02023315638299E+01  2.10627711675436E+01  4.05333560044504E+01 
 1.64864864864865E+00  3.05567440705654E+01  2.10443701353728E+01  4.22331179843412E+01 
 1.65465465465465E+00  3.09930579189538E+01  2.10658965833048E+01  4.38925489985613E+01 
 1.66066066066066E+00  3.15051375558174E+01  2.11253716339544E+01  4.54987299722497E+01 
 1.66666666666667E+00  3.20874093076338E+01  2.12209668202705E+01  4.70408141363128E+01 
 1.67267267267267E+00  3.27349562807822E+01  2.13510363107854E+01  4.85096749032658E+01 
 1.67867867867868E+00  3.34435704460744E+01  2.15141405018690E+01  4.98976265898969E+01 
 1.68468468468468E+00  3.42097679603948E+01  2.17090608480102E+01  5.11982041846230E+01 
 1.69069069069069E+00  3.50307746630838E+01  2.19348062135714E+01  5.24059900948506E+01 
 1.69669669669670E+00  3.59044886155415E+01  2.21906113423237E+01  5.35164778915852E+01 
 1.70270270270270E+00  3.68294259121859E+01  2.24759282589402E+01  5.45259650407438E+01 
 1.70870870870871E+00  3.78046550865385E+01  2.27904115528305E+01  5.54314683065500E+01 
 1.71471471471471E+00  3.88297244786140E+01  2.31338985662077E+01  5.62306569002239E+01 
 1.72072072072072E+00  3.99045860421253E+01  2.35063855316363E+01  5.69217995522035E+01 
 1.72672672672673E+00  4.10295183088980E+01  2.39080006933023E+01  5.75037225525479E+01 
 1.73273273273273E+00  4.22050506060624E+01  2.43389754109035E+01  5.79757764780462E+01 
 1.73873873873874E+00  4.34318901270742E+01  2.47996141917326E+01  5.83378098470655E+01 
 1.74474474474474E+00  4.47108530673473E+01  2.52902645286621E+01  5.85901483483708E+01 
 1.75075075075075E+00  4.60428007241755E+01  2.58112873410044E+01  5.87335786052191E+01 
 1.75675675675676E+00  4.74285812064178E+01  2.63630287225393E+01  5.87693356821559E+01 
 1.76276276276276E+00  4.88689771849773E+01  2.69457935975298E+01  5.86990937352670E+01 
 1.76876876876877E+00  5.03646599288660E+01  2.75598217732397E+01  5.85249593593815E+01 
 1.77477477477477E+00  5.19161497070213E+01  2.82052667593559E+01  5.82494673069208E+01 
 1.78078078078078E+00  5.35237824902095E+01  2.88821776047409E+01  5.78755783491929E+01 
 1.78678678678679E+00  5.51876641358088E+01  2.95904735345604E+01  5.74066791263176E+01 
 1.79279279279279E+00  5.69077237930516E+01  3.03299737379956E+01  5.68465838891034E+01 
 1.79879879879880E+00  5.86835856519468E+01  3.11003260393542E+01  5.61995380758237E+01 
 1.80480480480480E+00  6.05146326601064E+01  3.19010428057320E+01  5.54702236878616E+01 
 1.81081081081081E+00  6.23999813953201E+01  3.27314874718976E+01  5.46637664275616E+01 
 1.81681681681682E+00  6.43384794959222E+01  3.35908739117900E+01  5.37857445339167E+01 
 1.82282282282282E+00  6.63287065278093E+01  3.44782679615164E+01  5.28421991887498E+01 
 1.82882882882883E+00  6.83689777820586E+01  3.53925907832094E+01  5.18396462562703E+01 
 1.83483483483483E+00  7.04573505238065E+01  3.63326237612690E+01  5.07850889468143E+01 
 1.84084084084084E+00  7.25916322496413E+01  3.72970146363185E+01  4.96860307413410E+01 
 1.84684684684685E+00  7.47693905539833E+01  3.82842846046841E+01  4.85504844881060E+01 
 1.85285285285285E+00  7.69879642517607E+01  3.92928361394878E+01  4.73869971432556E+01 
 1.85885885885886E+00  7.92444754525843E+01  4.03209613209085E+01  4.62046290097457E+01 
 1.86486486486486E+00  8.15358423284564E+01  4.13668504956077E+01  4.50129716300485E+01 
 1.87087087087087E+00  8.38587923613068E+01  4.24286011169995E+01  4.38221286806365E+01 
 1.87687687687688E+00  8.62098758971675E+01  4.35042266476708E+01  4.26426856706376E+01 
 1.88288288288288E+00  8.85854798699409E+01  4.45916654319890E+01  4.14856564012378E+01 
 1.88888888888889E+00  9.09818415892290E+01  4.56887894703162E+01  4.03623985451300E+01 
 1.89489489489489E+00  9.33950625134448E+01  4.67934130460766E+01  3.92844899794792E+01 
 1.90090090090090E+00  9.58211219517321E+01  4.79033011732966E+01  3.82635533539440E+01 
 1.90690690690691E+00  9.82558705973556E+01  4.90161663090074E+01  3.73110403148882E+01 
 1.91291291291291E+00  1.00695123890495E+02  5.01297223806199E+01  3.64379473223688E+01 
 1.91891891891892E+00  1.03134556066657E+02  5.12416239325302E+01  3.56544734643802E+01 
 1.92492492492492E+00  1.05569792377913E+02  5.23495193119890E+01  3.49696469281267E+01 
 1.93093093093093E+00  1.07996402459341E+02  5.34510467699351E+01  3.43909290491783E+01 
 1.93693693693694E+00  1.10409913194026E+02  5.45438417002619E+01  3.39238320476139E+01 
 1.94294294294294E+00  1.12805821440508E+02  5.56255437016015E+01  3.35715899921017E+01 
 1.94894894894895E+00  1.15179606631299E+02  5.66938034725578E+01  3.33349234239218E+01 
 1.95495495495495E+00  1.17526743251284E+02  5.77462895508477E+01  3.32119309847111E+01 
 1.96096096096096E+00  1.19842713204360E+02  5.87806949059082E+01  3.31981265986660E+01 
 1.96696696696697E+00  1.22123018075652E+02  5.97947433933287E+01  3.32866211376296E+01 
 1.97297297297297E+00  1.24363191295350E+02  6.07861960781059E+01  3.34684277593541E+01 
 1.97897897897898E+00  1.26558810208711E+02  6.17528574322873E+01  3.37328550933859E+01 
 1.98498498498498E+00  1.28705508055179E+02  6.26925814111468E+01  3.40679453129470E+01 
 1.99099099099099E+00  1.30798985857994E+02  6.36032774106579E+01  3.44609153873250E+01 
 1.99699699699700E+00  1.32835024224138E+02  6.44829161077644E+01  3.48985675838103E+01 
 2.00300300300300E+00  1.34809495053070E+02  6.53295351837960E+01  3.53676464570838E+01 
 2.00900900900901E+00  1.36718373151458E+02  6.61412449303675E+01  3.58551310466658E+01 
 2.01501501501502E+00  1.38557747750052E+02  6.69162337362503E+01  3.63484606297817E+01 
 2.02102102102102E+00  1.40323833917994E+02  6.76527734530073E+01  3.68356991449049E+01 
 2.02702702702703E+00  1.42012983869260E+02  6.83492246366530E+01  3.73056472706768E+01 
 2.03303303303303E+00  1.43621698155502E+02  6.90040416622215E+01  3.77479126469619E+01 
 2.03903903903904E+00  1.45146636739476E+02  6.96157777079134E+01  3.81529485932142E+01 
 2.04504504504505E+00  1.46584629943315E+02  7.01830896054262E+01  3.85120706062840E+01 
 2.05105105105105E+00  1.47932689266323E+02  7.07047425531444E+01  3.88174584412808E+01 
 2.05705705705706E+00  1.49188018067551E+02  7.11796146890787E+01  3.90621500527068E+01 
 2.06306306306306E+00  1.50348022109334E+02  7.16067015207765E+01  3.92400323044413E+01 
 2.06906906906907E+00  1.51410319959091E+02  7.19851202098574E+01  3.93458322426925E+01 
 2.07507507507508E+00  1.52372753248020E+02  7.23141137093683E+01  3.93751118937777E+01 
 2.08108108108108E+00  1.53233396786916E+02  7.25930547527367E+01  3.93242689897660E+01 
 2.08708708708709E+00  1.53990568541102E+02  7.28214496937664E+01  3.91905457155878E+01 
 2.09309309309309E+00  1.54642839468348E+02  7.29989421977724E+01  3.89720474846094E+01 
 2.09909909909910E+00  1.55189043225715E+02  7.31253167846089E+01  3.86677738634132E+01 
 2.10510510510511E+00  1.55628285753335E+02  7.32005022249490E+01  3.82776640640607E+01 
 2.11111111111111E+00  1.55959954745212E+02  7.32245747916630E+01  3.78027984772046E+01 
 2.11711711711712E+00  1.56183729019154E+02  7.31977613684968E+01  3.72449450684925E+01 
 2.12312312312312E+00  1.56299587799711E+02  7.31204424183680E+01  3.66074454498349E+01 
 2.12912912912913E+00  1.56307819929507E+02  7.29931548134252E+01  3.58948580066020E+01 
 2.13513513513514E+00  1.56209033025346E+02  7.28165945284583E+01  3.51130737301444E+01 
 2.14114114114114E+00  1.56004162595801E+02  7.25916191981802E+01  3.42702512642258E+01 
 2.14714714714715E+00  1.55694481136466E+02  7.23192505372286E+01  3.33760088906362E+01 
 2.15315315315315E+00  1.55281607217254E+02  7.20006766192896E+01  3.24424545712449E+01 
 2.15915915915916E+00  1.54767514572876E+02  7.16372540083538E+01  3.14843784225141E+01 
 2.16516516516517E+00  1.54154541202382E+02  7.12305097306096E+01  3.05196581539300E+01 
 2.17117117117117E+00  1.53445398475957E+02  7.07821430695878E+01  2.95696682050006E+01 
 2.17717717717718E+00  1.52643286172893E+02  7.02940645644306E+01  2.86596263275955E+01 
 2.18318318318318E+00  1.51751483403780E+02  6.97682492572661E+01  2.78187637449783E+01 
 2.18918918918919E+00  1.50773975961996E+02  6.92069574726446E+01  2.70801474359305E+01 
 2.19519519519520E+00  1.49715059065622E+02  6.86125908390958E+01  2.64799351254041E+01 
 2.20120120120120E+00  1.48579445910618E+02  6.79877283268786E+01  2.60558475110536E+01 
 2.20720720720721E+00  1.47372275871372E+02  6.73351260507009E+01  2.58447578863498E+01 
 2.21321321321321E+00  1.46099122120378E+02  6.66577164382636E+01  2.58795661589353E+01 
 2.21921921921922E+00  1.44765998420498E+02  6.59586066186566E+01  2.61858907798973E+01 
 2.22522522522523E+00  1.43379364773970E+02  6.52410758549534E+01  2.67793919050518E+01 
 2.23123123123123E+00  1.41946131530951E+02  6.45085718128411E+01  2.76644968075798E+01 
 2.23723723723724E+00  1.40473661466323E+02  6.37647054224715E+01  2.88348631592962E+01 
 2.24324324324324E+00  1.38969769227246E+02  6.30132440552171E+01  3.02753083824206E+01 
 2.24924924924925E+00  1.37442717436733E+02  6.22581027025004E+01  3.19645094857514E+01 
 2.25525525525526E+00  1.35901208613555E+02  6.15033328130428E+01  3.38777280737268E+01 
 2.26126126126126E+00  1.34354371940959E+02  6.07531084212361E+01  3.59890541257519E+01 
 2.26726726726727E+00  1.32811743794010E+02  6.00117091874556E+01  3.82729756253558E+01 
 2.27327327327327E+00  1.31283240828752E+02  5.92834999763907E+01  4.07053124232997E+01 
 2.27927927927928E+00  1.29779124360687E+02  5.85729066281317E+01  4.32636610118160E+01 
 2.28528528528529E+00  1.28309954733991E+02  5.78843876354539E+01  4.59275136245047E+01 
 2.29129129129129E+00  1.26886534428513E+02  5.72224015358657E+01  4.86781868675838E+01 
 2.29729729729730E+00  1.25519838793621E+02  5.65913699638788E+01  5.14986552381293E+01 
 2.30330330330330E+00  1.24220933561346E+02  5.59956364905634E+01  5.43733496215331E+01 
 2.30930930930931E+00  1.23000878697866E+02  5.54394216030639E+01  5.72879550390275E+01 
 2.31531531531532E+00  1.21870618716600E+02  5.49267744404847E+01  6.02292250219034E+01 
 2.32132132132132E+00  1.20840860299225E+02  5.44615221922550E+01  6.31847632167265E+01 
 2.32732732732733E+00  1.19921938934972E+02  5.40472183616032E+01  6.61431270282177E+01 
 2.33333333333333E+00  1.19123677251716E+02  5.36870913745134E+01  6.90933380585562E+01 
 2.33933933933934E+00  1.18455238706287E+02  5.33839952430698E+01  7.20250507472169E+01 
 2.34534534534535E+00  1.17924981232411E+02  5.31403641393156E+01  7.49283977779793E+01 
 2.35135135135135E+00  1.17540316201309E+02  5.29581727723442E+01  7.77939734910398E+01 
 2.35735735735736E+00  1.17307578515945E+02  5.28389043657927E+01  8.06127626293731E+01 
 2.36336336336336E+00  1.17231913732199E+02  5.27835277963943E+01  8.33761026884781E+01 
 2.36936936936937E+00  1.17317187709615E+02  5.27924850840100E+01  8.60756645362920E+01 
 2.37537537537538E+00  1.17565882040300E+02  5.28656710177541E+01  8.87034340961372E+01 
 2.38138138138138E+00  1.17979236930029E+02  5.30025226270466E+01  9.12516996712573E+01 
 2.38738738738739E+00  1.18556973474037E+02  5.32019147252097E+01  9.37130438164697E+01 
 2.39339339339339E+00  1.19297518712180E+02  5.34622772207667E+01  9.60803388591649E+01 
 2.39939939939940E+00  1.20198016801546E+02  5.37816114726679E+01  9.83465819305686E+01 
 2.40540540540541E+00  1.21254417370701E+02  5.41575359512417E+01  1.00505496537033E+02 
 2.41141141141141E+00  1.22461585800636E+02  5.45873366996975E+01  1.02550981996844E+02 
 2.41741741741742E+00  1.23813429887846E+02  5.50680206093608E+01  1.04476589586757E+02 
 2.42342342342342E+00  1.25303037018347E+02  5.55963696002292E+01  1.06276872352489E+02 
 2.42942942942943E+00  1.26922816104917E+02  5.61689939843316E+01  1.07946473365016E+02 
 2.43543543543544E+00  1.28664639038496E+02  5.67823835514519E+01  1.09480348195951E+02 
 2.44144144144144E+00  1.30519977174021E+02  5.74329552218289E+01  1.10873771535209E+02 
 2.44744744744745E+00  1.32480029296625E+02  5.81170964276138E+01  1.12122343961892E+02 
 2.45345345345345E+00  1.34535838489269E+02  5.88312036887969E+01  1.13221884523682E+02 
 2.45945945945946E+00  1.36678396259396E+02  5.95717161215755E+01  1.14168890331812E+02 
 2.46546546546547E+00  1.38898733117248E+02  6.03351438465043E+01  1.14959878411988E+02 
 2.47147147147147E+00  1.41187995494567E+02  6.11180914454249E+01  1.15591819292637E+02 
 2.47747747747748E+00  1.43537509434808E+02  6.19172767504422E+01  1.16062040531187E+02 
 2.48348348348348E+00  1.45938831877462E+02  6.27295453389860E+01  1.16368274875919E+02 
 2.48948948948949E+00  1.48383790614308E+02  6.35518811623507E+01  1.16508454610928E+02 
 2.49549549549550E+00  1.50864514135683E+02  6.43814137580370E+01  1.16481084464232E+02 
 2.50150150150150E+00  1.53373452634049E+02  6.52154224958243E+01  1.16284969627158E+02 
 2.50750750750751E+00  1.55903391413379E+02  6.60513382902470E+01  1.15919293388867E+02 
 2.51351351351351E+00  1.58447457887161E+02  6.68867431836957E+01  1.15384064766709E+02 
 2.51951951951952E+00  1.60999123252398E+02  6.77193681692552E+01  1.14678232054653E+02 
 2.52552552552553E+00  1.63552199815819E+02  6.85470895842047E+01  1.13802647651071E+02 
 2.53153153153153E+00  1.66100834831812E+02  6.93679243664610E+01  1.12758027703272E+02 
 2.53753753753754E+00  1.68639501596780E+02  7.01800244289260E+01  1.11545471489654E+02 
 2.54354354354354E+00  1.71162988436371E+02  7.09816703719130E+01  1.10166459434462E+02 
 2.54954954954955E+00  1.73666386123316E+02  7.17712647221838E+01  1.08622850254193E+02 
 2.55555555555556E+00  1.76145074175697E+02  7.25473248589446E+01  1.06917474690079E+02 
 2.56156156156156E+00  1.78594706408831E+02  7.33084757624289E+01  1.05051865503993E+02 
 2.56756756756757E+00  1.81011196048107E+02  7.40534426992643E+01  1.03029430818767E+02 
 2.57357357357357E+00  1.83390700654432E+02  7.47810439404520E+01  1.00853491018472E+02 
 2.57957957957958E+00  1.85729607067293E+02  7.54901835921035E+01  9.85277209892112E+01 
 2.58558558558559E+00  1.88024516531767E+02  7.61798446057831E+01  9.60561434723379E+01 
 2.59159159159159E+00  1.90272230144008E+02  7.68490820240235E+01  9.34431218618420E+01 
 2.59759759759760E+00  1.92469734723694E+02  7.74970165070051E+01  9.06933525341645E+01 
 2.60360360360360E+00  1.94614685797219E+02  7.81230612103595E+01  8.78118568272422E+01 
 2.60960960960961E+00  1.96703471364524E+02  7.87260052570061E+01  8.48039728247220E+01 
 2.61561561561562E+00  1.98733981148235E+02  7.93053388307588E+01  8.16753471559300E+01 
 2.62162162162162E+00  2.00703814111795E+02  7.98603869506057E+01  7.84319271001951E+01 
 2.62762762762763E+00  2.02610693567773E+02  8.03905133327290E+01  7.50799533976405E+01 
 2.63363363363363E+00  2.04452456949088E+02  8.08951161818230E+01  7.16259543372064E+01 
 2.63963963963964E+00  2.06227046330047E+02  8.13736244020019E+01  6.80767419485282E+01 
 2.64564564564565E+00  2.07932499711523E+02  8.18254942304597E+01  6.44394115212323E+01 
 2.65165165165165E+00  2.09566943080199E+02  8.22502062939988E+01  6.07213463059153E+01 
 2.65765765765766E+00  2.11128583247974E+02  8.26472630856846E+01  5.69302302797397E+01 
 2.66366366366366E+00  2.12615701473972E+02  8.30161868561733E+01  5.30740735860693E+01 
 2.66966966966967E+00  2.14026647868162E+02  8.33565179116804E+01  4.91612582496780E+01 
 2.67567567567568E+00  2.15359836572141E+02  8.36678133080697E+01  4.52006171442620E+01 
 2.68168168168168E+00  2.16613741709131E+02  8.39496459281677E+01  4.12015692477254E+01 
 2.68768768768769E+00  2.17786894091669E+02  8.42016039271142E+01  3.71743539447480E+01 
 2.69369369369369E+00  2.18877878671723E+02  8.44232905283899E+01  3.31304479607668E+01 
 2.69969969969970E+00  2.19885332714157E+02  8.46143241510861E+01  2.90833385145634E+01 
 2.70570570570571E+00  2.20807944670487E+02  8.47743388470518E+01  2.50500400123245E+01 
 2.71171171171171E+00  2.21644453725910E+02  8.49029850247765E+01  2.10542959101039E+01 
 2.71771771771772E+00  2.22393649988540E+02  8.49999304352539E+01  1.71340020820832E+01 
 2.72372372372372E+00  2.23054375285894E+02  8.50648613936699E+01  1.33605426947501E+01 
 2.72972972972973E+00  2.23625524529848E+02  8.50974842095724E+01  9.89612679998631E+00 
 2.73573573573574E+00  2.24106047607766E+02  8.50975267972413E+01  7.17335723829751E+00 
 2.74174174174174E+00  2.24494951754277E+02  8.50647404373068E+01  6.19774426247321E+00 
 2.74774774774775E+00  2.24791304355359E+02  8.49989016602784E+01  7.60817652738124E+00 
 2.75375375375375E+00  2.24994236134088E+02  8.48998142225554E+01  1.04268626387806E+01 
 2.75975975975976E+00  2.25102944665642E+02  8.47673111457056E+01  1.37671441634732E+01 
 2.76576576576577E+00  2.25116698168007E+02  8.46012567903238E+01  1.72838352995132E+01 
 2.77177177177177E+00  2.25034839514326E+02  8.44015489365958E+01  2.08449717089020E+01 
 2.77777777777778E+00  2.24856790412997E+02  8.41681208448082E+01  2.43906029356564E+01 
 2.78378378378378E+00  2.24582055702431E+02  8.39009432704113E+01  2.78882708164122E+01 
 2.78978978978979E+00  2.24210227708798E+02  8.36000264098513E+01  3.13175837622246E+01 
 2.79579579579580E+00  2.23740990617111E+02  8.32654217552018E+01  3.46641274681547E+01 
 2.80180180180180E+00  2.23174124808451E+02  8.28972238375925E+01  3.79167762366592E+01 
 2.80780780780781E+00  2.22509511119049E+02  8.24955718415186E+01  4.10663944556769E+01 
 2.81381381381381E+00  2.21747134980112E+02  8.20606510742729E+01  4.41051635616634E+01 
 2.81981981981982E+00  2.20887090400663E+02  8.15926942769108E+01  4.70262134550242E+01 
 2.82582582582583E+00  2.19929583759075E+02  8.10919827653042E+01  4.98234120103664E+01 
 2.83183183183183E+00  2.18874937372380E+02  8.05588473919028E+01  5.24912411933948E+01 
 2.83783783783784E+00  2.17722638501851E+02  7.99933143769727E+01  5.50247227717204E+01 
 2.84384384384384E+00  2.16475049440328E+02  7.93964874397777E+01  5.74193734801927E+01 
 2.84984984984985E+00  2.15131995066300E+02  7.87685265360698E+01  5.96711782037794E+01 
 2.85585585585586E+00  2.13694292247876E+02  7.81099667042533E+01  6.17765744383201E+01 
 2.86186186186186E+00  2.12162888307375E+02  7.74213947348727E+01  6.37324439283407E+01 
 2.86786786786787E+00  2.10538862798993E+02  7.67034489633463E+01  6.55361089173813E+01 
 2.87387387387387E+00  2.08823428877084E+02  7.59568188480238E+01  6.71853313700478E+01 
 2.87987987987988E+00  2.07017934238074E+02  7.51822443343053E+01  6.86783140973249E+01 
 2.88588588588589E+00  2.05123861621852E+02  7.43805150068895E+01  7.00137030816901E+01 
 2.89189189189189E+00  2.03142828861280E+02  7.35524690334661E+01  7.11905905381021E+01 
 2.89789789789790E+00  2.01076588471292E+02  7.26989919043721E+01  7.22085184090287E+01 
 2.90390390390390E+00  1.98927026771748E+02  7.18210149738090E+01  7.30674821050925E+01 
 2.90990990990991E+00  1.96696162540948E+02  7.09195138092514E+01  7.37679343854334E+01 
 2.91591591591592E+00  1.94386145199350E+02  6.99955063566100E+01  7.43107893347028E+01 
 2.92192192192192E+00  1.91999252525554E+02  6.90500509295621E+01  7.46974264439204E+01 
 2.92792792792793E+00  1.89537887909198E+02  6.80842440322408E+01  7.49296948450895E+01 
 2.93393393393393E+00  1.87004577147709E+02  6.70992180251461E+01  7.50099177876251E+01 
 2.93993993993994E+00  1.84401964796288E+02  6.60961386447695E+01  7.49381165912444E+01 
 2.94594594594595E+00  1.81732810082661E+02  6.50762023879315E+01  7.47228662579559E+01 
 2.95195195195195E+00  1.78999982400307E+02  6.40406337722937E+01  7.43655474249545E+01 
 2.95795795795796E+00  1.76206456395928E+02  6.29906824848819E+01  7.38704468976639E+01 
 2.96396396396396E+00  1.73355306668854E+02  6.19276204307588E+01  7.32423510380858E+01 
 2.96996996996997E+00  1.70449702101994E+02  6.08527386942315E+01  7.24865551494418E+01 
 2.97597597597598E+00  1.67492899845660E+02  5.97673444251440E+01  7.16114729123854E+01 
 2.98198198198198E+00  1.64488238977350E+02  5.86727576629331E+01  7.06178054768836E+01 
 2.98798798798799E+00  1.61439721887467E+02  5.75706477325817E+01  6.95154158001114E+01 
 2.99399399399399E+00  1.58349644932186E+02  5.64616664457508E+01  6.83118019005345E+01 
 3.00000000000000E+00  1.55222120840733E+02  5.53474810451830E+01  6.70150615653894E+01 
