-3.00000000000000E+00  1.94359324446661E-01  1.39015541088225E-01  6.90536665298168E-02 
-2.99399399399399E+00  1.95401059814596E-01  1.31628557623665E-01  6.97625280441225E-02 
-2.98798798798799E+00  1.96556506315016E-01  1.24768153564545E-01  7.04284673930784E-02 
-2.98198198198198E+00  1.97821098530675E-01  1.18513343242084E-01  7.10456239943456E-02 
-2.97597597597598E+00  1.99192399672042E-01  1.12948493695431E-01  7.16084317908553E-02 
-2.96996996996997E+00  2.00667084176596E-01  1.08158803876729E-01  7.21116428402747E-02 
-2.96396396396396E+00  2.02241004375340E-01  1.04225108848478E-01  7.25503481642470E-02 
-2.95795795795796E+00  2.03909267860667E-01  1.01216963039850E-01  7.29199963947532E-02 
-2.95195195195195E+00  2.05666323654796E-01  9.91848357225169E-02  7.32164107069245E-02 
-2.94594594594595E+00  2.07506055206195E-01  9.81530019684985E-02  7.34358044830640E-02 
-2.93993993993994E+00  2.09421878254086E-01  9.81150759490542E-02  7.35747961142030E-02 
-2.93393393393393E+00  2.11406841686079E-01  9.90336958273920E-02  7.36304233150013E-02 
-2.92792792792793E+00  2.13453729655594E-01  1.00844650014497E-01  7.36001573062597E-02 
-2.92192192192192E+00  2.15555163407223E-01  1.03464321995304E-01  7.34819172074400E-02 
-2.91591591591592E+00  2.17703701462357E-01  1.06798480214769E-01  7.32740849796581E-02 
-2.90990990990991E+00  2.19891937029007E-01  1.10750486814176E-01  7.29755212678646E-02 
-2.90390390390390E+00  2.22112591705451E-01  1.15227694061056E-01  7.25855825093331E-02 
-2.89789789789790E+00  2.24358604736789E-01  1.20145632919608E-01  7.21041397040583E-02 
-2.89189189189189E+00  2.26623217249344E-01  1.25430205356904E-01  7.15315992809362E-02 
-2.88588588588589E+00  2.28900051025481E-01  1.31018371832915E-01  7.08689265409389E-02 
-2.87987987987988E+00  2.31183181488676E-01  1.36857856908248E-01  7.01176722136237E-02 
-2.87387387387387E+00  2.33467204645740E-01  1.42906301780558E-01  6.92800027238133E-02 
-2.86786786786787E+00  2.35747297781371E-01  1.49130165153190E-01  6.83587348269473E-02 
-2.86186186186186E+00  2.38019273722683E-01  1.55503560694349E-01  6.73573753275394E-02 
-2.85585585585586E+00  2.40279628491503E-01  1.62007135830560E-01  6.62801666340921E-02 
-2.84984984984985E+00  2.42525582144331E-01  1.68627041771571E-01  6.51321389082276E-02 
-2.84384384384384E+00  2.44755112568237E-01  1.75354011848106E-01  6.39191695087509E-02 
-2.83783783783784E+00  2.46966981960415E-01  1.82182547395731E-01  6.26480502728344E-02 
-2.83183183183183E+00  2.49160755674118E-01  1.89110201919541E-01  6.13265628581903E-02 
-2.82582582582583E+00  2.51336813069272E-01  1.96136951217802E-01  5.99635618096817E-02 
-2.81981981981982E+00  2.53496349966759E-01  2.03264637023398E-01  5.85690640993097E-02 
-2.81381381381381E+00  2.55641372276158E-01  2.10496473024347E-01  5.71543424747928E-02 
-2.80780780780781E+00  2.57774680352242E-01  2.17836603977282E-01  5.57320178644051E-02 
-2.80180180180180E+00  2.59899843640630E-01  2.25289710554469E-01  5.43161431389306E-02 
-2.79579579579580E+00  2.62021165202024E-01  2.32860654324169E-01  5.29222665763734E-02 
-2.78978978978979E+00  2.64143635761628E-01  2.40554158748306E-01  5.15674583920712E-02 
-2.78378378378378E+00  2.66272877019098E-01  2.48374523258037E-01  5.02702779549511E-02 
-2.77777777777778E+00  2.68415074077382E-01  2.56325368344960E-01  4.90506535954799E-02 
-2.77177177177177E+00  2.70576897007261E-01  2.64409410212592E-01  4.79296427874631E-02 
-2.76576576576577E+00  2.72764846926337E-01  2.72621034488718E-01  4.69290404724977E-02 
-2.75975975975976E+00  2.74989343282005E-01  2.80983206236961E-01  4.60708107043127E-02 
-2.75375375375375E+00  2.77253298510313E-01  2.89471217297527E-01  4.53763348917902E-02 
-2.74774774774775E+00  2.79566501564652E-01  2.98090718488748E-01  4.48655001992096E-02 
-2.74174174174174E+00  2.81936520002247E-01  3.06837492533620E-01  4.45556914313139E-02 
-2.73573573573574E+00  2.84370735435160E-01  3.15705632189996E-01  4.44608769226664E-02 
-2.72972972972973E+00  2.86876209220649E-01  3.24687494324511E-01  4.45903531761043E-02 
-2.72372372372372E+00  2.89459546285408E-01  3.33773674868078E-01  4.49488085214170E-02 
-2.71771771771772E+00  2.92126443957185E-01  3.42952615544437E-01  4.55356215953817E-02 
-2.71171171171171E+00  2.94882889168007E-01  3.52212218872088E-01  4.63452815000163E-02 
-2.70570570570571E+00  2.97732919529529E-01  3.61537384106966E-01  4.73674935334806E-02 
-2.69969969969970E+00  3.00679999251138E-01  3.70911774402788E-01  4.85885304150947E-02 
-2.69369369369369E+00  3.03726508570189E-01  3.80317423079130E-01  4.99918409759985E-02 
-2.68768768768769E+00  3.06873645180868E-01  3.89734799272727E-01  5.15590494064710E-02 
-2.68168168168168E+00  3.10121339556426E-01  3.99142883118683E-01  5.32708020400677E-02 
-2.67567567567568E+00  3.13468185690734E-01  4.08519249096648E-01  5.51074707292597E-02 
-2.66966966966967E+00  3.16911388399195E-01  4.17840156301654E-01  5.70496923945988E-02 
-2.66366366366366E+00  3.20446727900941E-01  4.27080644528201E-01  5.90787510551247E-02 
-2.65765765765766E+00  3.24068541974783E-01  4.36214635183846E-01  6.11768242511082E-02 
-2.65165165165165E+00  3.27769725561382E-01  4.45215036171069E-01  6.33271219983105E-02 
-2.64564564564565E+00  3.31541747292553E-01  4.54053849990007E-01  6.55139462977400E-02 
-2.63963963963964E+00  3.35374682081933E-01  4.62702284417888E-01  6.77226956592405E-02 
-2.63363363363363E+00  3.39257258621666E-01  4.71130865212239E-01  6.99398342165976E-02 
-2.62762762762763E+00  3.43176920405110E-01  4.79309550363743E-01  7.21528401203575E-02 
-2.62162162162162E+00  3.47119898739124E-01  4.87207845491001E-01  7.43501436405756E-02 
-2.61561561561562E+00  3.51071296120202E-01  4.94794920024121E-01  7.65210620161887E-02 
-2.60960960960961E+00  3.55015178321855E-01  5.02039723867659E-01  7.86557355354340E-02 
-2.60360360360360E+00  3.58935290283086E-01  5.08910012692541E-01  8.07450675012115E-02 
-2.59759759759760E+00  3.62812700603133E-01  5.15376840482421E-01  8.27806694747127E-02 
-2.59159159159159E+00  3.66629589188627E-01  5.21408094227054E-01  8.47548123563871E-02 
-2.58558558558559E+00  3.70366914006538E-01  5.26973014887882E-01  8.66603833351802E-02 
-2.57957957957958E+00  3.74005133991542E-01  5.32041205474618E-01  8.84908484214533E-02 
-2.57357357357357E+00  3.77524322935701E-01  5.36582745321811E-01  9.02402201067147E-02 
-2.56756756756757E+00  3.80903665673521E-01  5.40569358917826E-01  9.19030296145905E-02 
-2.56156156156156E+00  3.84124053712937E-01  5.43970290913131E-01  9.34743031877883E-02 
-2.55555555555556E+00  3.87164457100542E-01  5.46758786866405E-01  9.49495418716649E-02 
-2.54954954954955E+00  3.90004533814933E-01  5.48907948141319E-01  9.63247042908068E-02 
-2.54354354354354E+00  3.92624110960384E-01  5.50391903230399E-01  9.75961919607110E-02 
-2.53753753753754E+00  3.95003289683088E-01  5.51185912080017E-01  9.87608367258426E-02 
-2.53153153153153E+00  3.97122547603958E-01  5.51266467956116E-01  9.98158899642271E-02 
-2.52552552552553E+00  3.98962838729136E-01  5.50611396625323E-01  1.00759013245141E-01 
-2.51951951951952E+00  4.00505690864250E-01  5.49199952629331E-01  1.01588270169235E-01 
-2.51351351351351E+00  4.01733642916858E-01  5.47012984673728E-01  1.02302119159163E-01 
-2.50750750750751E+00  4.02629073215321E-01  5.44032773971451E-01  1.02899407003363E-01 
-2.50150150150150E+00  4.03176017678297E-01  5.40243439025599E-01  1.03379362986317E-01 
-2.49549549549550E+00  4.03359225514594E-01  5.35630845811481E-01  1.03741593465574E-01 
-2.48948948948949E+00  4.03164474439104E-01  5.30182719925753E-01  1.03986076779536E-01 
-2.48348348348348E+00  4.02578656521763E-01  5.23888721450036E-01  1.04113158390672E-01 
-2.47747747747748E+00  4.01589863086840E-01  5.16740515803201E-01  1.04123546186910E-01 
-2.47147147147147E+00  4.00187469099372E-01  5.08731840585254E-01  1.04018305879620E-01 
-2.46546546546547E+00  3.98362217552980E-01  4.99858568499334E-01  1.03798856450150E-01 
-2.45945945945946E+00  3.96106304466413E-01  4.90118766549590E-01  1.03466965608477E-01 
-2.45345345345345E+00  3.93412727253808E-01  4.79512496390942E-01  1.03024745237303E-01 
-2.44744744744745E+00  3.90278363218389E-01  4.68042898090152E-01  1.02474646802923E-01 
-2.44144144144144E+00  3.86699528339025E-01  4.55714685527490E-01  1.01819456720409E-01 
-2.43543543543544E+00  3.82675119189185E-01  4.42535236771449E-01  1.01062291665062E-01 
-2.42942942942943E+00  3.78205950129986E-01  4.28514385496474E-01  1.00206593824416E-01 
-2.42342342342342E+00  3.73294863117562E-01  4.13664475944527E-01  9.92561260852167E-02 
-2.41741741741742E+00  3.67946847301526E-01  3.98000425377342E-01  9.82149671472724E-02 
-2.41141141141141E+00  3.62169170972621E-01  3.81539799704758E-01  9.70875065504601E-02 
-2.40540540540541E+00  3.55971528935138E-01  3.64302910828403E-01  9.58784395918702E-02 
-2.39939939939940E+00  3.49366208992447E-01  3.46312948754521E-01  9.45927620962690E-02 
-2.39339339339339E+00  3.42368281950885E-01  3.27596168857122E-01  9.32357649838608E-02 
-2.38738738738739E+00  3.34995820370344E-01  3.08182166904165E-01  9.18130285536060E-02 
-2.38138138138138E+00  3.27270152209228E-01  2.88104295526521E-01  9.03304163668197E-02 
-2.37537537537538E+00  3.19216156493256E-01  2.67400313388459E-01  8.87940685729964E-02 
-2.36936936936937E+00  3.10862609107323E-01  2.46113428058196E-01  8.72103944662178E-02 
-2.36336336336336E+00  3.02242587623319E-01  2.24294028976850E-01  8.55859977946412E-02 
-2.35735735735736E+00  2.93393944476686E-01  2.02002683796956E-01  8.39279126424537E-02 
-2.35135135135135E+00  2.84359857351818E-01  1.79315572586755E-01  8.22432554255380E-02 
-2.34534534534535E+00  2.75189463613456E-01  1.56334934649276E-01  8.05394115454314E-02 
-2.33933933933934E+00  2.65938580896640E-01  1.33210641400987E-01  7.88239737055135E-02 
-2.33333333333333E+00  2.56670506829650E-01  1.10188830364046E-01  7.71047207122955E-02 
-2.32732732732733E+00  2.47456644150547E-01  8.77336121598673E-02  7.53895914217035E-02 
-2.32132132132132E+00  2.38378266841639E-01  6.68671522820614E-02  7.36866527437893E-02 
-2.31531531531532E+00  2.29525975484658E-01  5.01448461729276E-02  7.20040605100678E-02 
-2.30930930930931E+00  2.21001110074387E-01  4.32300634491763E-02  7.03500119430610E-02 
-2.30330330330330E+00  2.12915638212133E-01  5.06595178126502E-02  6.87326884767404E-02 
-2.29729729729730E+00  2.05391489524903E-01  6.80385434574444E-02  6.71601877949378E-02 
-2.29129129129129E+00  1.98558735930801E-01  8.98278098499863E-02  6.56404283668243E-02 
-2.28528528528529E+00  1.92552198063420E-01  1.13519279041708E-01  6.41810932026648E-02 
-2.27927927927928E+00  1.87506144004934E-01  1.38101099653977E-01  6.27895157344228E-02 
-2.27327327327327E+00  1.83547018589347E-01  1.63106463884687E-01  6.14725451037711E-02 
-2.26726726726727E+00  1.80784631628580E-01  1.88281126198018E-01  6.02364354662061E-02 
-2.26126126126126E+00  1.79302865029071E-01  2.13463959469900E-01  5.90867189279988E-02 
-2.25525525525526E+00  1.79151504515199E-01  2.38539155368111E-01  5.80280787217673E-02 
-2.24924924924925E+00  1.80340944276926E-01  2.63415019886546E-01  5.70642287469941E-02 
-2.24324324324324E+00  1.82841036666501E-01  2.88013731872101E-01  5.61978064718956E-02 
-2.23723723723724E+00  1.86584355577433E-01  3.12266053606423E-01  5.54302865197900E-02 
-2.23123123123123E+00  1.91473023670662E-01  3.36108457186010E-01  5.47619218720411E-02 
-2.22522522522523E+00  1.97387506336705E-01  3.59481507965537E-01  5.41917184244304E-02 
-2.21921921921922E+00  2.04195648129955E-01  3.82328938704601E-01  5.37174466763047E-02 
-2.21321321321321E+00  2.11760623739984E-01  4.04597121203475E-01  5.33356917974301E-02 
-2.20720720720721E+00  2.19947096801061E-01  4.26234775936306E-01  5.30419405138220E-02 
-2.20120120120120E+00  2.28625445111809E-01  4.47192829133663E-01  5.28307005553853E-02 
-2.19519519519520E+00  2.37674278471821E-01  4.67424363952332E-01  5.26956461785848E-02 
-2.18918918918919E+00  2.46981636945921E-01  4.86884633240576E-01  5.26297817935243E-02 
-2.18318318318318E+00  2.56445362303566E-01  5.05531008351669E-01  5.26256151240381E-02 
-2.17717717717718E+00  2.65972444571042E-01  5.23323488835612E-01  5.26753315946242E-02 
-2.17117117117117E+00  2.75478961593679E-01  5.40224151722997E-01  5.27709626203170E-02 
-2.16516516516517E+00  2.84888962037411E-01  5.56197710583659E-01  5.29045419432590E-02 
-2.15915915915916E+00  2.94133782360375E-01  5.71211528256805E-01  5.30682458558786E-02 
-2.15315315315315E+00  3.03151307856070E-01  5.85235750296373E-01  5.32545148429072E-02 
-2.14714714714715E+00  3.11885304467488E-01  5.98243444368267E-01  5.34561556875266E-02 
-2.14114114114114E+00  3.20284835128869E-01  6.10210744598018E-01  5.36664243140857E-02 
-2.13513513513514E+00  3.28303762618164E-01  6.21117000353215E-01  5.38790905391932E-02 
-2.12912912912913E+00  3.35900334468415E-01  6.30944929329958E-01  5.40884864830168E-02 
-2.12312312312312E+00  3.43036842406393E-01  6.39680775132425E-01  5.42895406943611E-02 
-2.11711711711712E+00  3.49679347719078E-01  6.47314469813227E-01  5.44778001235123E-02 
-2.11111111111111E+00  3.55797464023711E-01  6.53839802094494E-01  5.46494419960128E-02 
-2.10510510510511E+00  3.61364189593705E-01  6.59254592224317E-01  5.48012774531897E-02 
-2.09909909909910E+00  3.66355782346301E-01  6.63560874644384E-01  5.49307485766220E-02 
-2.09309309309309E+00  3.70751671642579E-01  6.66765089851624E-01  5.50359201380302E-02 
-2.08708708708709E+00  3.74534402086481E-01  6.68878287024171E-01  5.51154671373669E-02 
-2.08108108108108E+00  3.77689605489145E-01  6.69916339138783E-01  5.51686589256386E-02 
-2.07507507507508E+00  3.80205998070454E-01  6.69900172415040E-01  5.51953404641317E-02 
-2.06906906906907E+00  3.82075400800739E-01  6.68856011953663E-01  5.51959110526217E-02 
-2.06306306306306E+00  3.83292781549784E-01  6.66815645352642E-01  5.51713006673974E-02 
-2.05705705705706E+00  3.83856318419241E-01  6.63816705829922E-01  5.51229438856816E-02 
-2.05105105105105E+00  3.83767568959584E-01  6.59902430014687E-01  5.50527512361250E-02 
-2.04504504504505E+00  3.83031244652661E-01  6.55124207050629E-01  5.49630777057814E-02 
-2.03903903903904E+00  3.81655693273207E-01  6.49538509352199E-01  5.48566880536038E-02 
-2.03303303303303E+00  3.79653271197042E-01  6.43209610144071E-01  5.47367185314928E-02 
-2.02702702702703E+00  3.77039805710732E-01  6.36209298995323E-01  5.46066773924101E-02 
-2.02102102102102E+00  3.73835334630424E-01  6.28617295428652E-01  5.44702227837631E-02 
-2.01501501501502E+00  3.70064221084676E-01  6.20521594405612E-01  5.43313799561653E-02 
-2.00900900900901E+00  3.65755435714890E-01  6.12018784615253E-01  5.41943031307665E-02 
-2.00300300300300E+00  3.60942878589123E-01  6.03214297631154E-01  5.40632601987324E-02 
-1.99699699699700E+00  3.55665743183287E-01  5.94222545406009E-01  5.39425667815958E-02 
-1.99099099099099E+00  3.49968923259576E-01  5.85166890818141E-01  5.38365160594916E-02 
-1.98498498498498E+00  3.43903460758618E-01  5.76179382234311E-01  5.37493051686527E-02 
-1.97897897897898E+00  3.37527028390457E-01  5.67400169854427E-01  5.36849593090419E-02 
-1.97297297297297E+00  3.30904425751895E-01  5.58976564190882E-01  5.36472550414098E-02 
-1.96696696696697E+00  3.24108112176645E-01  5.51061327774444E-01  5.36396445605268E-02 
-1.96096096096096E+00  3.17218627177645E-01  5.43810892452931E-01  5.36651829741921E-02 
-1.95495495495495E+00  3.10324985565200E-01  5.37382411203517E-01  5.37264607622510E-02 
-1.94894894894895E+00  3.03524863059934E-01  5.31930401671441E-01  5.38255436074340E-02 
-1.94294294294294E+00  2.96924503520356E-01  5.27602737407148E-01  5.39639216613201E-02 
-1.93693693693694E+00  2.90638222288854E-01  5.24536194789339E-01  5.41424700293735E-02 
-1.93093093093093E+00  2.84787221788531E-01  5.22851786447584E-01  5.43614218408137E-02 
-1.92492492492492E+00  2.79497876252519E-01  5.22650282792231E-01  5.46203547410604E-02 
-1.91891891891892E+00  2.74898876943614E-01  5.24008235429049E-01  5.49181910496203E-02 
-1.91291291291291E+00  2.71117533680257E-01  5.26974954483642E-01  5.52532112161676E-02 
-1.90690690690691E+00  2.68275132322544E-01  5.31570729892890E-01  5.56230796353531E-02 
-1.90090090090090E+00  2.66481616467537E-01  5.37786481615136E-01  5.60248813939273E-02 
-1.89489489489489E+00  2.65830042067963E-01  5.45584848235355E-01  5.64551681575591E-02 
-1.88888888888889E+00  2.66391427945654E-01  5.54902553166792E-01  5.69100111791658E-02 
-1.88288288288288E+00  2.68210694290405E-01  5.65653754114082E-01  5.73850593288056E-02 
-1.87687687687688E+00  2.71304291332821E-01  5.77734008283166E-01  5.78756000955444E-02 
-1.87087087087087E+00  2.75659868961309E-01  5.91024478412649E-01  5.83766216712105E-02 
-1.86486486486486E+00  2.81237987669839E-01  6.05396051800250E-01  5.88828744650441E-02 
-1.85885885885886E+00  2.87975527599166E-01  6.20713125077681E-01  5.93889306854995E-02 
-1.85285285285285E+00  2.95790216465013E-01  6.36836898995962E-01  5.98892409314375E-02 
-1.84684684684685E+00  3.04585620654835E-01  6.53628112020103E-01  6.03781870350856E-02 
-1.84084084084084E+00  3.14256015343539E-01  6.70949208528153E-01  6.08501306749551E-02 
-1.83483483483483E+00  3.24690713495863E-01  6.88665983285802E-01  6.12994575165462E-02 
-1.82882882882883E+00  3.35777623675518E-01  7.06648770027953E-01  6.17206168360911E-02 
-1.82282282282282E+00  3.47405982324704E-01  7.24773233444640E-01  6.21081567366521E-02 
-1.81681681681682E+00  3.59468249387044E-01  7.42920959837259E-01  6.24567551789744E-02 
-1.81081081081081E+00  3.71861445607590E-01  7.60979615343541E-01  6.27612471262665E-02 
-1.80480480480480E+00  3.84487849850953E-01  7.78843146717187E-01  6.30166481484216E-02 
-1.79879879879880E+00  3.97255363440753E-01  7.96411754502127E-01  6.32181748533183E-02 
-1.79279279279279E+00  4.10077589390585E-01  8.13591809129883E-01  6.33612625167647E-02 
-1.78678678678679E+00  4.22873733127109E-01  8.30295717054558E-01  6.34415802737973E-02 
-1.78078078078078E+00  4.35568396163492E-01  8.46441758796771E-01  6.34550442170683E-02 
-1.77477477477477E+00  4.48091314078909E-01  8.61953914517806E-01  6.33978287268402E-02 
-1.76876876876877E+00  4.60377074025258E-01  8.76761687885786E-01  6.32663763347539E-02 
-1.76276276276276E+00  4.72364834738175E-01  8.90799935319675E-01  6.30574064026048E-02 
-1.75675675675676E+00  4.83998063136751E-01  9.04008704985287E-01  6.27679228797987E-02 
-1.75075075075075E+00  4.95224295378668E-01  9.16333087967462E-01  6.23952213907756E-02 
-1.74474474474474E+00  5.05994926047251E-01  9.27723082678648E-01  6.19368958979666E-02 
-1.73873873873874E+00  5.16265026435968E-01  9.38133472642816E-01  6.13908451884652E-02 
-1.73273273273273E+00  5.25993191231007E-01  9.47523717199739E-01  6.07552794454126E-02 
-1.72672672672673E+00  5.35141430722724E-01  9.55857854271447E-01  6.00287271904798E-02 
-1.72072072072072E+00  5.43674992919500E-01  9.63104414433474E-01  5.92100429249800E-02 
-1.71471471471471E+00  5.51562399213300E-01  9.69236344777304E-01  5.82984158584483E-02 
-1.70870870870871E+00  5.58775307512956E-01  9.74230941955760E-01  5.72933802011636E-02 
-1.70270270270270E+00  5.65288490674857E-01  9.78069793271743E-01  5.61948276198049E-02 
-1.69669669669670E+00  5.71079811770433E-01  9.80738724988047E-01  5.50030226257217E-02 
-1.69069069069069E+00  5.76130214265788E-01  9.82227757166843E-01  5.37186219011113E-02 
-1.68468468468468E+00  5.80423725921411E-01  9.82531064500060E-01  5.23426988957207E-02 
-1.67867867867868E+00  5.83947475524960E-01  9.81646942761621E-01  5.08767754834477E-02 
-1.67267267267267E+00  5.86691721873877E-01  9.79577780689598E-01  4.93228631100757E-02 
-1.66666666666667E+00  5.88649894724229E-01  9.76330037288819E-01  4.76835167729221E-02 
-1.66066066066066E+00  5.89818647716759E-01  9.71914224731653E-01  4.59619064733680E-02 
-1.65465465465465E+00  5.90197923580478E-01  9.66344897226003E-01  4.41619126586415E-02 
-1.64864864864865E+00  5.89791032198039E-01  9.59640646415386E-01  4.22882548971786E-02 
-1.64264264264264E+00  5.88604742394205E-01  9.51824104075956E-01  4.03466670288172E-02 
-1.63663663663664E+00  5.86649388575594E-01  9.42921953078799E-01  3.83441379155204E-02 
-1.63063063063063E+00  5.83938993600141E-01  9.32964947791464E-01  3.62892455866354E-02 
-1.62462462462462E+00  5.80491409476892E-01  9.21987945296686E-01  3.41926252516837E-02 
-1.61861861861862E+00  5.76328478892600E-01  9.10029948981242E-01  3.20676298088260E-02 
-1.61261261261261E+00  5.71476212659602E-01  8.97134166339113E-01  2.99312662053404E-02 
-1.60660660660661E+00  5.65965000460404E-01  8.83348082784416E-01  2.78055208961853E-02 
-1.60060060060060E+00  5.59829838023867E-01  8.68723553462432E-01  2.57192125337706E-02 
-1.59459459459459E+00  5.53110584179467E-01  8.53316915194032E-01  2.37104949185225E-02 
-1.58858858858859E+00  5.45852244112399E-01  8.37189120338175E-01  2.18299829541076E-02 
-1.58258258258258E+00  5.38105278529942E-01  8.20405894156270E-01  2.01439774921340E-02 
-1.57657657657658E+00  5.29925935881897E-01  8.03037916622102E-01  1.87360910957946E-02 
-1.57057057057057E+00  5.21376601822295E-01  7.85161028588817E-01  1.77036568575632E-02 
-1.56456456456456E+00  5.12526155906802E-01  7.66856460608701E-01  1.71441622203742E-02 
-1.55855855855856E+00  5.03450319763798E-01  7.48211080285591E-01  1.71309182593250E-02 
-1.55255255255255E+00  4.94231973331537E-01  7.29317650550559E-01  1.76884057745146E-02 
-1.54654654654655E+00  4.84961405967414E-01  7.10275086360991E-01  1.87849450889252E-02 
-1.54054054054054E+00  4.75736457257969E-01  6.91188690661991E-01  2.03484285420776E-02 
-1.53453453453453E+00  4.66662488540594E-01  6.72170341646813E-01  2.22917566899963E-02 
-1.52852852852853E+00  4.57852111521942E-01  6.53338592120324E-01  2.45322786184660E-02 
-1.52252252252252E+00  4.49424586996603E-01  6.34818628043055E-01  2.70005367858866E-02 
-1.51651651651652E+00  4.41504797930502E-01  6.16742017510307E-01  2.96415209505324E-02 
-1.51051051051051E+00  4.34221701960013E-01  5.99246164691298E-01  3.24126422701336E-02 
-1.50450450450450E+00  4.27706184725717E-01  5.82473368023111E-01  3.52809575175449E-02 
-1.49849849849850E+00  4.22088273529570E-01  5.66569372267552E-01  3.82206780178276E-02 
-1.49249249249249E+00  4.17493734613449E-01  5.51681305817163E-01  4.12112262836754E-02 
-1.48648648648649E+00  4.14040165801846E-01  5.37954915392125E-01  4.42358080092137E-02 
-1.48048048048048E+00  4.11832799982020E-01  5.25531057843171E-01  4.72803894478036E-02 
-1.47447447447447E+00  4.10960334877814E-01  5.14541488707800E-01  5.03329716384994E-02 
-1.46846846846847E+00  4.11491174377645E-01  5.05104098733479E-01  5.33830754406546E-02 
-1.46246246246246E+00  4.13470479579254E-01  4.97317881470682E-01  5.64213745891092E-02 
-1.45645645645646E+00  4.16918367168188E-01  4.91258042881791E-01  5.94394325536334E-02 
-1.45045045045045E+00  4.21829461770248E-01  4.86971752621906E-01  6.24295125018750E-02 
-1.44444444444444E+00  4.28173832809630E-01  4.84475049551167E-01  6.53844391148001E-02 
-1.43843843843844E+00  4.35899165793896E-01  4.83751327397021E-01  6.82974975004233E-02 
-1.43243243243243E+00  4.44933874552788E-01  4.84751643439595E-01  7.11623588961690E-02 
-1.42642642642643E+00  4.55190782967270E-01  4.87396848689230E-01  7.39730258954278E-02 
-1.42042042042042E+00  4.66570998884092E-01  4.91581290057334E-01  7.67237920314315E-02 
-1.41441441441441E+00  4.78967656119253E-01  4.97177643385029E-01  7.94092120070617E-02 
-1.40840840840841E+00  4.92269288301279E-01  5.04042340902382E-01  8.20240798779314E-02 
-1.40240240240240E+00  5.06362695222454E-01  5.12021065731621E-01  8.45634132157306E-02 
-1.39639639639640E+00  5.21135248912868E-01  5.20953877877862E-01  8.70224417920646E-02 
-1.39039039039039E+00  5.36476652289345E-01  5.30679673027371E-01  8.93965996925829E-02 
-1.38438438438438E+00  5.52280205408134E-01  5.41039819160394E-01  9.16815200398847E-02 
-1.37837837837838E+00  5.68443655794818E-01  5.51880938704469E-01  9.38730317008702E-02 
-1.37237237237237E+00  5.84869715189467E-01  5.63056892053072E-01  9.59671575002956E-02 
-1.36636636636637E+00  6.01466320796968E-01  5.74430070176944E-01  9.79601135715192E-02 
-1.36036036036036E+00  6.18146709387812E-01  5.85872125647981E-01  9.98483095578582E-02 
-1.35435435435435E+00  6.34829360708028E-01  5.97264271497919E-01  1.01628349440788E-01 
-1.34834834834835E+00  6.51437854768049E-01  6.08497264561039E-01  1.03297032819509E-01 
-1.34234234234234E+00  6.67900676866012E-01  6.19471171143878E-01  1.04851356503936E-01 
-1.33633633633634E+00  6.84150995168119E-01  6.30094992695566E-01  1.06288516312647E-01 
-1.33033033033033E+00  7.00126428408360E-01  6.40286210367590E-01  1.07605908990747E-01 
-1.32432432432432E+00  7.15768815647080E-01  6.49970291272446E-01  1.08801134181468E-01 
-1.31831831831832E+00  7.31023995805766E-01  6.59080186267310E-01  1.09871996400760E-01 
-1.31231231231231E+00  7.45841601612733E-01  6.67555839062675E-01  1.10816506976993E-01 
-1.30630630630631E+00  7.60174870404197E-01  6.75343718994257E-01  1.11632885928799E-01 
-1.30030030030030E+00  7.73980472714689E-01  6.82396384426250E-01  1.12319563763634E-01 
-1.29429429429429E+00  7.87218358585432E-01  6.88672080016028E-01  1.12875183188194E-01 
-1.28828828828829E+00  7.99851620881364E-01  6.94134368563552E-01  1.13298600729723E-01 
-1.28228228228228E+00  8.11846374531955E-01  6.98751796565298E-01  1.13588888274870E-01 
-1.27627627627628E+00  8.23171650418376E-01  7.02497591635190E-01  1.13745334540247E-01 
-1.27027027027027E+00  8.33799302562139E-01  7.05349389449495E-01  1.13767446496635E-01 
-1.26426426426426E+00  8.43703927285760E-01  7.07288987674990E-01  1.13654950776956E-01 
-1.25825825825826E+00  8.52862793084650E-01  7.08302124346636E-01  1.13407795107145E-01 
-1.25225225225225E+00  8.61255780050034E-01  7.08378278299473E-01  1.13026149809085E-01 
-1.24624624624625E+00  8.68865327801225E-01  7.07510489479456E-01  1.12510409436294E-01 
-1.24024024024024E+00  8.75676391012145E-01  7.05695197226082E-01  1.11861194616462E-01 
-1.23423423423423E+00  8.81676401745345E-01  7.02932094914810E-01  1.11079354190736E-01 
-1.22822822822823E+00  8.86855237933156E-01  6.99223999657233E-01  1.10165967758611E-01 
-1.22222222222222E+00  8.91205197467432E-01  6.94576736075545E-01  1.09122348760154E-01 
-1.21621621621622E+00  8.94720977475749E-01  6.88999033494472E-01  1.07950048255120E-01 
-1.21021021021021E+00  8.97399658472050E-01  6.82502436230521E-01  1.06650859592749E-01 
-1.20420420420420E+00  8.99240693173847E-01  6.75101227011468E-01  1.05226824208274E-01 
-1.19819819819820E+00  9.00245899876100E-01  6.66812363936534E-01  1.03680238834709E-01 
-1.19219219219219E+00  9.00419460364172E-01  6.57655431801523E-01  1.02013664484160E-01 
-1.18618618618619E+00  8.99767922434916E-01  6.47652609077627E-01  1.00229937635420E-01 
-1.18018018018018E+00  8.98300207175951E-01  6.36828652366348E-01  9.83321841688013E-02 
-1.17417417417417E+00  8.96027621228257E-01  6.25210900778729E-01  9.63238367213109E-02 
-1.16816816816817E+00  8.92963874325614E-01  6.12829303433627E-01  9.42086563035315E-02 
-1.16216216216216E+00  8.89125102464940E-01  5.99716474172414E-01  9.19907592347127E-02 
-1.15615615615616E+00  8.84529897112140E-01  5.85907778690400E-01  8.96746507283710E-02 
-1.15015015015015E+00  8.79199340885952E-01  5.71441460641926E-01  8.72652668151924E-02 
-1.14414414414414E+00  8.73157050183284E-01  5.56358814951729E-01  8.47680267462679E-02 
-1.13813813813814E+00  8.66429225208203E-01  5.40704418635742E-01  8.21888986067588E-02 
-1.13213213213213E+00  8.59044707835765E-01  5.24526431985597E-01  7.95344816238408E-02 
-1.12612612612613E+00  8.51035047671537E-01  5.07876986090168E-01  7.68121096153596E-02 
-1.12012012012012E+00  8.42434576545635E-01  4.90812676427937E-01  7.40299812426540E-02 
-1.11411411411411E+00  8.33280491490605E-01  4.73395186690543E-01  7.11973242430595E-02 
-1.10810810810811E+00  8.23612945975853E-01  4.55692072000359E-01  6.83227603175801E-02 
-1.10210210210210E+00  8.13475148783562E-01  4.37777735935233E-01  6.54219228696559E-02 
-1.09609609609610E+00  8.02913469383158E-01  4.19734640483560E-01  6.25067992773116E-02 
-1.09009009009009E+00  7.91977547959807E-01  4.01654790594661E-01  5.95952074330430E-02 
-1.08408408408408E+00  7.80720407339101E-01  3.83641532258198E-01  5.67022556623128E-02 
-1.07807807807808E+00  7.69198562884529E-01  3.65811689467057E-01  5.38519142191840E-02 
-1.07207207207207E+00  7.57472124986330E-01  3.48298031515828E-01  5.10704022300423E-02 
-1.06606606606607E+00  7.45604886975930E-01  3.31251992767468E-01  4.83888353708737E-02 
-1.06006006006006E+00  7.33664389169484E-01  3.14846440344175E-01  4.58440408446164E-02 
-1.05405405405405E+00  7.21721947274685E-01  2.99278073954979E-01  4.34792126146946E-02 
-1.04804804804805E+00  7.09852630638889E-01  2.84768723349605E-01  4.13441063388429E-02 
-1.04204204204204E+00  6.98135172892440E-01  2.71564390557502E-01  3.94943089826257E-02 
-1.03603603603604E+00  6.86651794661224E-01  2.59930457383276E-01  3.79889989783383E-02 
-1.03003003003003E+00  6.75487915520237E-01  2.50141289995800E-01  3.68867046229885E-02 
-1.02402402402402E+00  6.64731730711633E-01  2.42462955279604E-01  3.62390845072449E-02 
-1.01801801801802E+00  6.54473627983793E-01  2.37129389454731E-01  3.60837431746531E-02 
-1.01201201201201E+00  6.44805421976893E-01  2.34315170636711E-01  3.64381326203421E-02 
-1.00600600600601E+00  6.35819388697404E-01  2.34111048851714E-01  3.72968086553817E-02 
-1.00000000000000E+00  6.27607091524375E-01  2.36509564823995E-01  3.86331616893142E-02 
-9.93993993993994E-01  6.20258003329682E-01  2.41405781938376E-01  4.04048206872500E-02 
-9.87987987987988E-01  6.13857946589457E-01  2.48612963894706E-01  4.25605928396155E-02 
-9.81981981981982E-01  6.08487393927640E-01  2.57887919484811E-01  4.50468100638657E-02 
-9.75975975975976E-01  6.04219693486425E-01  2.68958610214986E-01  4.78118949504338E-02 
-9.69969969969970E-01  6.01119303993968E-01  2.81547955807267E-01  5.08089687233802E-02 
-9.63963963963964E-01  5.99240139831867E-01  2.95390844528592E-01  5.39969064694971E-02 
-9.57957957957958E-01  5.98624133152985E-01  3.10244153641669E-01  5.73403941384161E-02 
-9.51951951951952E-01  5.99300115319221E-01  3.25891161454041E-01  6.08094546125587E-02 
-9.45945945945946E-01  6.01283102469317E-01  3.42142166337373E-01  6.43787575055706E-02 
-9.39939939939940E-01  6.04574041057131E-01  3.58832906390654E-01  6.80268938926628E-02 
-9.33933933933934E-01  6.09160032265758E-01  3.75821929520434E-01  7.17357055874166E-02 
-9.27927927927928E-01  6.15015014602720E-01  3.92987638777822E-01  7.54897041161782E-02 
-9.21921921921922E-01  6.22100847606265E-01  4.10225418065091E-01  7.92755856569178E-02 
-9.15915915915916E-01  6.30368711570884E-01  4.27445033420619E-01  8.30818347310875E-02 
-9.09909909909910E-01  6.39760721796355E-01  4.44568380390493E-01  8.68984043945816E-02 
-9.03903903903904E-01  6.50211651959652E-01  4.61527580547413E-01  9.07164598567718E-02 
-8.97897897897898E-01  6.61650686773122E-01  4.78263290606425E-01  9.45281735227792E-02 
-8.91891891891892E-01  6.74003004769206E-01  4.94723882896928E-01  9.83265611878978E-02 
-8.85885885885886E-01  6.87191439302538E-01  5.10863551392212E-01  1.02105350929596E-01 
-8.79879879879880E-01  7.01137731631789E-01  5.26642050687055E-01  1.05858877891137E-01 
-8.73873873873874E-01  7.15763714624090E-01  5.42023805612695E-01  1.09581999548338E-01 
-8.67867867867868E-01  7.30992266210442E-01  5.56977321435655E-01  1.13270027192167E-01 
-8.61861861861862E-01  7.46748068476816E-01  5.71474698177720E-01  1.16918670271777E-01 
-8.55855855855856E-01  7.62958188581721E-01  5.85491228983794E-01  1.20523990962138E-01 
-8.49849849849850E-01  7.79552502626683E-01  5.99005066308330E-01  1.24082366884184E-01 
-8.43843843843844E-01  7.96463985660539E-01  6.11996942859035E-01  1.27590460345509E-01 
-8.37837837837838E-01  8.13628890940531E-01  6.24449936810260E-01  1.31045192812933E-01 
-8.31831831831832E-01  8.30986840112531E-01  6.36349272871144E-01  1.34443723596113E-01 
-8.25825825825826E-01  8.48480746456075E-01  6.47682100300699E-01  1.37783431930767E-01 
-8.19819819819820E-01  8.66057158707136E-01  6.58437579721986E-01  1.41061901814192E-01 
-8.13813813813814E-01  8.83665645167372E-01  6.68606371821304E-01  1.44276909074759E-01 
-8.07807807807808E-01  9.01259044298422E-01  6.78180803856344E-01  1.47426410258835E-01 
-8.01801801801802E-01  9.18793263580242E-01  6.87154697636749E-01  1.50508532999204E-01 
-7.95795795795796E-01  9.36227151271437E-01  6.95523282045028E-01  1.53521567593077E-01 
-7.89789789789790E-01  9.53522362530811E-01  7.03283114317232E-01  1.56463959568977E-01 
-7.83783783783784E-01  9.70643223989138E-01  7.10432008563930E-01  1.59334303062698E-01 
-7.77777777777778E-01  9.87556599741635E-01  7.16968970294639E-01  1.62131334855579E-01 
-7.71771771771772E-01  1.00423176084609E+00  7.22894135937572E-01  1.64853928954906E-01 
-7.65765765765766E-01  1.02064025972295E+00  7.28208716532217E-01  1.67501091617903E-01 
-7.59759759759760E-01  1.03675581032691E+00  7.32914944923371E-01  1.70071956738345E-01 
-7.53753753753754E-01  1.05255417456374E+00  7.37016025908653E-01  1.72565781529174E-01 
-7.47747747747748E-01  1.06801305513491E+00  7.40516088892480E-01  1.74981942446332E-01 
-7.41741741741742E-01  1.08311199478290E+00  7.43420142682394E-01  1.77319931308674E-01 
-7.35735735735736E-01  1.09783228176423E+00  7.45734032131805E-01  1.79579351576852E-01 
-7.29729729729730E-01  1.11215686127959E+00  7.47464396389439E-01  1.81759914760701E-01 
-7.23723723723724E-01  1.12607025252949E+00  7.48618628562236E-01  1.83861436930135E-01 
-7.17717717717718E-01  1.13955847102984E+00  7.49204836636887E-01  1.85883835309160E-01 
-7.11711711711712E-01  1.15260895580815E+00  7.49231805537108E-01  1.87827253425488E-01 
-7.05705705705706E-01  1.16521050110095E+00  7.48708960220148E-01  1.89691551590015E-01 
-6.99699699699700E-01  1.17735319218288E+00  7.47646329738092E-01  1.91477047871585E-01 
-6.93693693693694E-01  1.18902834497495E+00  7.46054512207767E-01  1.93184031483251E-01 
-6.87687687687688E-01  1.20022844909958E+00  7.43944640648274E-01  1.94812876563702E-01 
-6.81681681681682E-01  1.21094711407354E+00  7.41328349657895E-01  1.96364039008016E-01 
-6.75675675675676E-01  1.22117901835361E+00  7.38217742912579E-01  1.97838053317720E-01 
-6.69669669669670E-01  1.23091986097434E+00  7.34625361477138E-01  1.99235529467831E-01 
-6.63663663663664E-01  1.24016631554042E+00  7.30564152927474E-01  2.00557149789458E-01 
-6.57657657657658E-01  1.24891598635926E+00  7.26047441288368E-01  2.01803665867284E-01 
-6.51651651651652E-01  1.25716736652034E+00  7.21088897796426E-01  2.02975895451889E-01 
-6.45645645645646E-01  1.26491979774809E+00  7.15702512502068E-01  2.04074719387343E-01 
-6.39639639639640E-01  1.27217343187327E+00  7.09902566728044E-01  2.05101078554965E-01 
-6.33633633633634E-01  1.27893018490200E+00  7.03703957662029E-01  2.06055970834449E-01 
-6.27627627627628E-01  1.28518963858438E+00  6.97120727776979E-01  2.06940448083853E-01 
-6.21621621621621E-01  1.29095524566609E+00  6.90168263194110E-01  2.07755613140160E-01 
-6.15615615615616E-01  1.29623004270196E+00  6.82861754117742E-01  2.08502616842288E-01 
-6.09609609609610E-01  1.30101770351494E+00  6.75216557859724E-01  2.09182655078578E-01 
-6.03603603603604E-01  1.30532250795706E+00  6.67248176939303E-01  2.09796965860870E-01 
-5.97597597597598E-01  1.30914931160374E+00  6.58972238233002E-01  2.10346826427345E-01 
-5.91591591591591E-01  1.31250351632399E+00  6.50404473208556E-01  2.10833550376385E-01 
-5.85585585585586E-01  1.31539104167556E+00  6.41560699278597E-01  2.11258484833690E-01 
-5.79579579579580E-01  1.31781829708126E+00  6.32456802311434E-01  2.11623007654923E-01 
-5.73573573573574E-01  1.31979215474721E+00  6.23108720338089E-01  2.11928524666141E-01 
-5.67567567567568E-01  1.32131992328924E+00  6.13532428496651E-01  2.12176466944239E-01 
-5.61561561561561E-01  1.32240932203774E+00  6.03743925257030E-01  2.12368288139610E-01 
-5.55555555555555E-01  1.32306845599477E+00  5.93759219971331E-01  2.12505461843175E-01 
-5.49549549549550E-01  1.32330579142074E+00  5.83594321797297E-01  2.12589478999890E-01 
-5.43543543543544E-01  1.32313013203039E+00  5.73265230044534E-01  2.12621845370778E-01 
-5.37537537537538E-01  1.32255059578047E+00  5.62787925995468E-01  2.12604079045462E-01 
-5.31531531531531E-01  1.32157659223350E+00  5.52178366255103E-01  2.12537708007120E-01 
-5.25525525525525E-01  1.32021780048339E+00  5.41452477685465E-01  2.12424267751693E-01 
-5.19519519519520E-01  1.31848414763063E+00  5.30626153982003E-01  2.12265298963120E-01 
-5.13513513513514E-01  1.31638578779567E+00  5.19715253949834E-01  2.12062345246271E-01 
-5.07507507507508E-01  1.31393308166006E+00  5.08735601537274E-01  2.11816950919194E-01 
-5.01501501501501E-01  1.31113657652586E+00  4.97702987682049E-01  2.11530658866178E-01 
-4.95495495495495E-01  1.30800698688456E+00  4.86633174021515E-01  2.11205008453093E-01 
-4.89489489489490E-01  1.30455517548684E+00  4.75541898511129E-01  2.10841533506331E-01 
-4.83483483483484E-01  1.30079213490546E+00  4.64444882984539E-01  2.10441760356634E-01 
-4.77477477477477E-01  1.29672896958335E+00  4.53357842672758E-01  2.10007205948984E-01 
-4.71471471471471E-01  1.29237687835944E+00  4.42296497677226E-01  2.09539376019655E-01 
-4.65465465465465E-01  1.28774713746493E+00  4.31276586360714E-01  2.09039763341428E-01 
-4.59459459459460E-01  1.28285105536135E+00  4.20313905209560E-01  2.08509846037920E-01 
-4.53453453453454E-01  1.27770006580186E+00  4.09424356880267E-01  2.07951113945146E-01 
-4.47447447447447E-01  1.27230553750427E+00  3.98623586272152E-01  2.07364952990401E-01 
-4.41441441441441E-01  1.26667891511335E+00  3.87927714521044E-01  2.06752818245187E-01 
-4.35435435435435E-01  1.26083162299338E+00  3.77352830353730E-01  2.06116113797839E-01 
-4.29429429429430E-01  1.25477507030767E+00  3.66915152065758E-01  2.05456221718463E-01 
-4.23423423423424E-01  1.24852063710676E+00  3.56631047650022E-01  2.04774500803155E-01 
-4.17417417417417E-01  1.24207966083026E+00  3.46517053430983E-01  2.04072285391500E-01 
-4.11411411411411E-01  1.23546342321530E+00  3.36589889966521E-01  2.03350884257582E-01 
-4.05405405405405E-01  1.22868313760505E+00  3.26866473664842E-01  2.02611579574702E-01 
-3.99399399399400E-01  1.22174993665069E+00  3.17363922202236E-01  2.01855625953862E-01 
-3.93393393393394E-01  1.21467486040067E+00  3.08099551424218E-01  2.01084249556038E-01 
-3.87387387387387E-01  1.20746884477145E+00  2.99090860979961E-01  2.00298647278130E-01 
-3.81381381381381E-01  1.20014271039439E+00  2.90355505500536E-01  1.99499986012437E-01 
-3.75375375375375E-01  1.19270715183393E+00  2.81911247721684E-01  1.98689401979349E-01 
-3.69369369369370E-01  1.18517272717295E+00  2.73775889625605E-01  1.97868000132935E-01 
-3.63363363363364E-01  1.17754984796159E+00  2.65967177505843E-01  1.97036853638914E-01 
-3.57357357357357E-01  1.16984876952689E+00  2.58502676940361E-01  1.96197003424481E-01 
-3.51351351351351E-01  1.16207958164133E+00  2.51399614100499E-01  1.95349457799297E-01 
-3.45345345345345E-01  1.15425219954918E+00  2.44674680749503E-01  1.94495192146885E-01 
-3.39339339339340E-01  1.14637635535067E+00  2.38343801807062E-01  1.93635148685529E-01 
-3.33333333333333E-01  1.13846158974511E+00  2.32421866555907E-01  1.92770236297706E-01 
-3.27327327327327E-01  1.13051724413489E+00  2.26922427457583E-01  1.91901330426912E-01 
-3.21321321321321E-01  1.12255245309400E+00  2.21857374034751E-01  1.91029273040693E-01 
-3.15315315315315E-01  1.11457613720521E+00  2.17236593135775E-01  1.90154872658511E-01 
-3.09309309309310E-01  1.10659699627211E+00  2.13067630735488E-01  1.89278904442992E-01 
-3.03303303303303E-01  1.09862350291259E+00  2.09355373712631E-01  1.88402110352991E-01 
-2.97297297297297E-01  1.09066389654240E+00  2.06101772164618E-01  1.87525199356755E-01 
-2.91291291291291E-01  1.08272617775802E+00  2.03305623180824E-01  1.86648847703368E-01 
-2.85285285285285E-01  1.07481810312966E+00  2.00962435163044E-01  1.85773699250554E-01 
-2.79279279279279E-01  1.06694718041626E+00  1.99064387621468E-01  1.84900365846762E-01 
-2.73273273273273E-01  1.05912066421524E+00  1.97600395145269E-01  1.84029427765378E-01 
-2.67267267267267E-01  1.05134555206099E+00  1.96556276611144E-01  1.83161434188780E-01 
-2.61261261261261E-01  1.04362858098679E+00  1.95915022621223E-01  1.82296903739840E-01 
-2.55255255255255E-01  1.03597622456541E+00  1.95657146746752E-01  1.81436325058385E-01 
-2.49249249249249E-01  1.02839469044449E+00  1.95761100383783E-01  1.80580157420027E-01 
-2.43243243243243E-01  1.02088991839285E+00  1.96203727583107E-01  1.79728831394692E-01 
-2.37237237237237E-01  1.01346757887399E+00  1.96960735353510E-01  1.78882749542044E-01 
-2.31231231231231E-01  1.00613307216330E+00  1.98007156476237E-01  1.78042287141028E-01 
-2.25225225225225E-01  9.98891528024525E-01  1.99317785287904E-01  1.77207792950545E-01 
-2.19219219219219E-01  9.91747805960886E-01  2.00867571480078E-01  1.76379589998354E-01 
-2.13213213213213E-01  9.84706496055178E-01  2.02631961990178E-01  1.75557976395145E-01 
-2.07207207207207E-01  9.77771920411784E-01  2.04587185889503E-01  1.74743226170731E-01 
-2.01201201201201E-01  9.70948135212261E-01  2.06710481358551E-01  1.73935590129287E-01 
-1.95195195195195E-01  9.64238933394207E-01  2.08980267127371E-01  1.73135296720507E-01 
-1.89189189189189E-01  9.57647847960888E-01  2.11376263076583E-01  1.72342552923579E-01 
-1.83183183183183E-01  9.51178155926994E-01  2.13879566103923E-01  1.71557545140874E-01 
-1.77177177177177E-01  9.44832882902727E-01  2.16472688002359E-01  1.70780440098237E-01 
-1.71171171171171E-01  9.38614808315905E-01  2.19139562145222E-01  1.70011385748832E-01 
-1.65165165165165E-01  9.32526471268215E-01  2.21865525408404E-01  1.69250512177499E-01 
-1.59159159159159E-01  9.26570177018445E-01  2.24637281135838E-01  1.68497932502651E-01 
-1.53153153153153E-01  9.20748004081871E-01  2.27442848198425E-01  1.67753743772778E-01 
-1.47147147147147E-01  9.15061811931182E-01  2.30271500401950E-01  1.67018027854727E-01 
-1.41141141141141E-01  9.09513249280370E-01  2.33113699729946E-01  1.66290852310966E-01 
-1.35135135135135E-01  9.04103762929105E-01  2.35961026202303E-01  1.65572271263155E-01 
-1.29129129129129E-01  8.98834607141042E-01  2.38806106509795E-01  1.64862326239457E-01 
-1.23123123123123E-01  8.93706853525429E-01  2.41642543056101E-01  1.64161047003081E-01 
-1.17117117117117E-01  8.88721401387616E-01  2.44464844600046E-01  1.63468452359725E-01 
-1.11111111111111E-01  8.83878988509907E-01  2.47268359335158E-01  1.62784550941651E-01 
-1.05105105105105E-01  8.79180202320786E-01  2.50049210961543E-01  1.62109341966289E-01 
-9.90990990990990E-02  8.74625491406719E-01  2.52804238085529E-01  1.61442815967390E-01 
-9.30930930930933E-02  8.70215177317605E-01  2.55530937115798E-01  1.60784955496870E-01 
-8.70870870870872E-02  8.65949466613775E-01  2.58227408700442E-01  1.60135735795656E-01 
-8.10810810810811E-02  8.61828463099649E-01  2.60892307659807E-01  1.59495125431963E-01 
-7.50750750750750E-02  8.57852180186753E-01  2.63524796307177E-01  1.58863086905605E-01 
-6.90690690690690E-02  8.54020553326560E-01  2.66124501007862E-01  1.58239577217066E-01 
-6.30630630630633E-02  8.50333452451891E-01  2.68691471801532E-01  1.57624548400230E-01 
-5.70570570570572E-02  8.46790694364207E-01  2.71226144899323E-01  1.57017948017815E-01 
-5.10510510510511E-02  8.43392055002958E-01  2.73729307862415E-01  1.56419719618696E-01 
-4.50450450450450E-02  8.40137281532651E-01  2.76202067270772E-01  1.55829803156483E-01 
-3.90390390390389E-02  8.37026104182838E-01  2.78645818696829E-01  1.55248135368827E-01 
-3.30330330330328E-02  8.34058247776474E-01  2.81062218808218E-01  1.54674650117139E-01 
-2.70270270270272E-02  8.31233442882375E-01  2.83453159434708E-01  1.54109278686484E-01 
-2.10210210210211E-02  8.28551436528479E-01  2.85820743446637E-01  1.53551950045623E-01 
-1.50150150150150E-02  8.26012002413673E-01  2.88167262304677E-01  1.53002591067274E-01 
-9.00900900900892E-03  8.23614950557541E-01  2.90495175153188E-01  1.52461126708840E-01 
-3.00300300300282E-03  8.21360136329169E-01  2.92807089341601E-01  1.51927480153959E-01 
 3.00300300300282E-03  8.19247468798311E-01  2.95105742269692E-01  1.51401572915392E-01 
 9.00900900900892E-03  8.17276918354792E-01  2.97393984463453E-01  1.50883324899889E-01 
 1.50150150150150E-02  8.15448523544654E-01  2.99674763798142E-01  1.50372654435793E-01 
 2.10210210210211E-02  8.13762397074704E-01  3.01951110794115E-01  1.49869478264277E-01 
 2.70270270270272E-02  8.12218730940540E-01  3.04226124919187E-01  1.49373711495244E-01 
 3.30330330330328E-02  8.10817800636667E-01  3.06502961838368E-01  1.48885267529001E-01 
 3.90390390390389E-02  8.09559968411303E-01  3.08784821558156E-01  1.48404057944963E-01 
 4.50450450450450E-02  8.08445685532733E-01  3.11074937417846E-01  1.47929992358748E-01 
 5.10510510510511E-02  8.07475493538463E-01  3.13376565884907E-01  1.47462978249108E-01 
 5.70570570570572E-02  8.06650024443313E-01  3.15692977115065E-01  1.47002920756273E-01 
 6.30630630630629E-02  8.05969999887505E-01  3.18027446240740E-01  1.46549722453338E-01 
 6.90690690690690E-02  8.05436229211292E-01  3.20383245353579E-01  1.46103283092472E-01 
 7.50750750750750E-02  8.05049606448114E-01  3.22763636148423E-01  1.45663499327736E-01 
 8.10810810810811E-02  8.04811106234232E-01  3.25171863196931E-01  1.45230264416458E-01 
 8.70870870870872E-02  8.04721778638772E-01  3.27611147819418E-01  1.44803467901112E-01 
 9.30930930930929E-02  8.04782742924572E-01  3.30084682523410E-01  1.44382995273778E-01 
 9.90990990990990E-02  8.04995180256627E-01  3.32595625976835E-01  1.43968727625271E-01 
 1.05105105105105E-01  8.05360325381642E-01  3.35147098482924E-01  1.43560541281119E-01 
 1.11111111111111E-01  8.05879457309061E-01  3.37742177922728E-01  1.43158307426590E-01 
 1.17117117117117E-01  8.06553889030744E-01  3.40383896129827E-01  1.42761891723033E-01 
 1.23123123123123E-01  8.07384956323430E-01  3.43075235660280E-01  1.42371153917809E-01 
 1.29129129129129E-01  8.08374005684968E-01  3.45819126919403E-01  1.41985947450126E-01 
 1.35135135135135E-01  8.09522381461968E-01  3.48618445605308E-01  1.41606119055116E-01 
 1.41141141141141E-01  8.10831412233241E-01  3.51476010427835E-01  1.41231508368488E-01 
 1.47147147147147E-01  8.12302396519380E-01  3.54394581060040E-01  1.40861947534089E-01 
 1.53153153153153E-01  8.13936587895037E-01  3.57376856278380E-01  1.40497260816730E-01 
 1.59159159159159E-01  8.15735179585605E-01  3.60425472246881E-01  1.40137264222569E-01 
 1.65165165165165E-01  8.17699288635059E-01  3.63543000899901E-01  1.39781765129370E-01 
 1.71171171171171E-01  8.19829939735896E-01  3.66731948378037E-01  1.39430561928873E-01 
 1.77177177177177E-01  8.22128048815570E-01  3.69994753471730E-01  1.39083443683525E-01 
 1.83183183183183E-01  8.24594406476616E-01  3.73333786027772E-01  1.38740189799705E-01 
 1.89189189189189E-01  8.27229661389457E-01  3.76751345274842E-01  1.38400569719580E-01 
 1.95195195195195E-01  8.30034303737782E-01  3.80249658025619E-01  1.38064342633620E-01 
 2.01201201201201E-01  8.33008648816368E-01  3.83830876714831E-01  1.37731257215735E-01 
 2.07207207207207E-01  8.36152820880282E-01  3.87497077234867E-01  1.37401051382922E-01 
 2.13213213213213E-01  8.39466737342105E-01  3.91250256533230E-01  1.37073452081197E-01 
 2.19219219219219E-01  8.42950093411241E-01  3.95092329939157E-01  1.36748175099524E-01 
 2.25225225225225E-01  8.46602347265006E-01  3.99025128190132E-01  1.36424924913301E-01 
 2.31231231231231E-01  8.50422705836629E-01  4.03050394132763E-01  1.36103394558885E-01 
 2.37237237237237E-01  8.54410111299545E-01  4.07169779076469E-01  1.35783265540522E-01 
 2.43243243243243E-01  8.58563228320871E-01  4.11384838782720E-01  1.35464207770894E-01 
 2.49249249249249E-01  8.62880432149973E-01  4.15697029076963E-01  1.35145879546401E-01 
 2.55255255255255E-01  8.67359797600491E-01  4.20107701074965E-01  1.34827927558163E-01 
 2.61261261261261E-01  8.71999088975932E-01  4.24618096019978E-01  1.34509986939557E-01 
 2.67267267267267E-01  8.76795750981050E-01  4.29229339731777E-01  1.34191681351027E-01 
 2.73273273273273E-01  8.81746900652375E-01  4.33942436673343E-01  1.33872623102729E-01 
 2.79279279279279E-01  8.86849320333115E-01  4.38758263645505E-01  1.33552413315431E-01 
 2.85285285285285E-01  8.92099451709148E-01  4.43677563124342E-01  1.33230642119986E-01 
 2.91291291291291E-01  8.97493390914760E-01  4.48700936260426E-01  1.32906888895538E-01 
 2.97297297297297E-01  9.03026884709001E-01  4.53828835563066E-01  1.32580722546477E-01 
 3.03303303303303E-01  9.08695327716274E-01  4.59061557296471E-01  1.32251701818047E-01 
 3.09309309309309E-01  9.14493760717881E-01  4.64399233618335E-01  1.31919375650377E-01 
 3.15315315315315E-01  9.20416869975258E-01  4.69841824494448E-01  1.31583283570580E-01 
 3.21321321321321E-01  9.26458987559983E-01  4.75389109425839E-01  1.31242956122423E-01 
 3.27327327327327E-01  9.32614092660926E-01  4.81040679027371E-01  1.30897915333000E-01 
 3.33333333333333E-01  9.38875813834895E-01  4.86795926498822E-01  1.30547675215679E-01 
 3.39339339339339E-01  9.45237432163777E-01  4.92654039031177E-01  1.30191742308514E-01 
 3.45345345345345E-01  9.51691885278674E-01  4.98613989192170E-01  1.29829616247218E-01 
 3.51351351351351E-01  9.58231772209660E-01  5.04674526336034E-01  1.29460790371681E-01 
 3.57357357357357E-01  9.64849359018641E-01  5.10834168083008E-01  1.29084752364927E-01 
 3.63363363363364E-01  9.71536585172382E-01  5.17091191914358E-01  1.28700984923358E-01 
 3.69369369369369E-01  9.78285070612700E-01  5.23443626928509E-01  1.28308966456989E-01 
 3.75375375375375E-01  9.85086123481727E-01  5.29889245803548E-01  1.27908171818388E-01 
 3.81381381381381E-01  9.91930748460981E-01  5.36425557010552E-01  1.27498073058910E-01 
 3.87387387387387E-01  9.98809655684742E-01  5.43049797321309E-01  1.27078140210781E-01 
 3.93393393393394E-01  1.00571327019012E+00  5.49758924652844E-01  1.26647842093542E-01 
 3.99399399399399E-01  1.01263174186809E+00  5.56549611289687E-01  1.26206647143294E-01 
 4.05405405405405E-01  1.01955495588261E+00  5.63418237523499E-01  1.25754024263182E-01 
 4.11411411411411E-01  1.02647254352717E+00  5.70360885747852E-01  1.25289443693474E-01 
 4.17417417417417E-01  1.03337389349081E+00  5.77373335044369E-01  1.24812377899606E-01 
 4.23423423423424E-01  1.04024816350856E+00  5.84451056294607E-01  1.24322302476499E-01 
 4.29429429429429E-01  1.04708429237359E+00  5.91589207850236E-01  1.23818697067475E-01 
 4.35435435435435E-01  1.05387101229151E+00  5.98782631792307E-01  1.23301046296030E-01 
 4.41441441441441E-01  1.06059686155927E+00  6.06025850808533E-01  1.22768840708764E-01 
 4.47447447447447E-01  1.06725019755421E+00  6.13313065715843E-01  1.22221577727712E-01 
 4.53453453453454E-01  1.07381921002054E+00  6.20638153653669E-01  1.21658762610347E-01 
 4.59459459459460E-01  1.08029201720060E+00  6.27994714220998E-01  1.21079891824231E-01 
 4.65465465465465E-01  1.08665624149939E+00  6.35375888946142E-01  1.20484523101814E-01 
 4.71471471471471E-01  1.09289992664768E+00  6.42774598942735E-01  1.19872174663991E-01 
 4.77477477477477E-01  1.09901064729265E+00  6.50183442223651E-01  1.19242392819190E-01 
 4.83483483483484E-01  1.10497596458939E+00  6.57594675739965E-01  1.18594736567809E-01 
 4.89489489489490E-01  1.11078335761758E+00  6.65000237276398E-01  1.17928778571520E-01 
 4.95495495495495E-01  1.11642023855721E+00  6.72391748927189E-01  1.17244106117972E-01 
 5.01501501501501E-01  1.12187396812370E+00  6.79760521394784E-01  1.16540322079177E-01 
 5.07507507507508E-01  1.12713187126282E+00  6.87097559125432E-01  1.15817045861867E-01 
 5.13513513513514E-01  1.13218125310602E+00  6.94393566294995E-01  1.15073914348118E-01 
 5.19519519519520E-01  1.13700941518753E+00  7.01638953657629E-01  1.14310582824548E-01 
 5.25525525525525E-01  1.14160367192449E+00  7.08823846269356E-01  1.13526725898418E-01 
 5.31531531531531E-01  1.14595136736167E+00  7.15938092098080E-01  1.12722038398987E-01 
 5.37537537537538E-01  1.15003989218210E+00  7.22971271531141E-01  1.11896236262479E-01 
 5.43543543543544E-01  1.15385670098499E+00  7.29912707791123E-01  1.11049057399052E-01 
 5.49549549549550E-01  1.15738932983190E+00  7.36751478270372E-01  1.10180262540165E-01 
 5.55555555555555E-01  1.16062541406196E+00  7.43476426794398E-01  1.09289636064802E-01 
 5.61561561561561E-01  1.16355270637647E+00  7.50076176824193E-01  1.08376986802978E-01 
 5.67567567567568E-01  1.16615909519278E+00  7.56539145607370E-01  1.07442148815061E-01 
 5.73573573573574E-01  1.16843262326713E+00  7.62853559287986E-01  1.06484982145393E-01 
 5.79579579579580E-01  1.17036150658519E+00  7.69007468984909E-01  1.05505373548801E-01 
 5.85585585585585E-01  1.17193415351918E+00  7.74988767848714E-01  1.04503237188582E-01 
 5.91591591591591E-01  1.17313918424951E+00  7.80785209107203E-01  1.03478515304607E-01 
 5.97597597597598E-01  1.17396545044865E+00  7.86384425109934E-01  1.02431178850235E-01 
 6.03603603603604E-01  1.17440205522476E+00  7.91773947382494E-01  1.01361228096777E-01 
 6.09609609609610E-01  1.17443837332194E+00  7.96941227701669E-01  1.00268693204290E-01 
 6.15615615615615E-01  1.17406407157407E+00  8.01873660203357E-01  9.91536347575833E-02 
 6.21621621621621E-01  1.17326912960909E+00  8.06558604535730E-01  9.80161442663221E-02 
 6.27627627627628E-01  1.17204386080050E+00  8.10983410071168E-01  9.68563446282474E-02 
 6.33633633633634E-01  1.17037893346320E+00  8.15135441191652E-01  9.56743905545613E-02 
 6.39639639639640E-01  1.16826434946133E+00  8.19001331326605E-01  9.44704689566415E-02 
 6.45645645645645E-01  1.16569355635780E+00  8.22570028881373E-01  9.32447992933274E-02 
 6.51651651651652E-01  1.16265746412404E+00  8.25828407893575E-01  9.19976338781284E-02 
 6.57657657657658E-01  1.15914837990031E+00  8.28764169353277E-01  9.07292581458172E-02 
 6.63663663663664E-01  1.15515907536705E+00  8.31365172509064E-01  8.94399908779992E-02 
 6.69669669669670E-01  1.15068280934447E+00  8.33619466979599E-01  8.81301843873826E-02 
 6.75675675675675E-01  1.14571335064204E+00  8.35515326098488E-01  8.68002246606404E-02 
 6.81681681681682E-01  1.14024500116922E+00  8.37041281531194E-01  8.54505314599171E-02 
 6.87687687687688E-01  1.13427261932296E+00  8.38186159208944E-01  8.40815583832436E-02 
 6.93693693693694E-01  1.12779164367257E+00  8.38939116631726E-01  8.26937928843349E-02 
 6.99699699699700E-01  1.12079811696842E+00  8.39289681600919E-01  8.12877562525038E-02 
 7.05705705705705E-01  1.11328871050842E+00  8.39227792451980E-01  7.98640035537084E-02 
 7.11711711711712E-01  1.10526074890409E+00  8.38743839869000E-01  7.84231235340805E-02 
 7.17717717717718E-01  1.09671223529840E+00  8.37828710376344E-01  7.69656900545193E-02 
 7.23723723723724E-01  1.08764187709885E+00  8.36473831617976E-01  7.54924624264107E-02 
 7.29729729729730E-01  1.07804911230296E+00  8.34671219553025E-01  7.40040758754279E-02 
 7.35735735735736E-01  1.06793413650927E+00  8.32413527716807E-01  7.25012522057323E-02 
 7.41741741741742E-01  1.05729793072569E+00  8.29694098720406E-01  7.09847459018987E-02 
 7.47747747747748E-01  1.04614229010876E+00  8.26507018189443E-01  6.94553438601300E-02 
 7.53753753753754E-01  1.03446985379321E+00  8.22847171374313E-01  6.79138651067043E-02 
 7.59759759759760E-01  1.02228413600087E+00  8.18710302700473E-01  6.63611605104265E-02 
 7.65765765765766E-01  1.00958955865367E+00  8.14093078569010E-01  6.47981124971055E-02 
 7.71771771771772E-01  9.96391485756081E-01  8.08993153765276E-01  6.32256347755556E-02 
 7.77777777777778E-01  9.82696259861404E-01  8.03409241887533E-01  6.16446720863767E-02 
 7.83783783783784E-01  9.68511240992553E-01  7.97341190269108E-01  6.00561999868606E-02 
 7.89789789789790E-01  9.53844848455302E-01  7.90790059937130E-01  5.84612246878831E-02 
 7.95795795795796E-01  9.38706606060154E-01  7.83758211229158E-01  5.68607829616562E-02 
 8.01801801801802E-01  9.23107191361590E-01  7.76249395776495E-01  5.52559421428795E-02 
 8.07807807807808E-01  9.07058489632124E-01  7.68268855659844E-01  5.36478002502607E-02 
 8.13813813813814E-01  8.90573653416539E-01  7.59823430649204E-01  5.20374862608081E-02 
 8.19819819819820E-01  8.73667168662112E-01  7.50921674554542E-01  5.04261605759376E-02 
 8.25825825825826E-01  8.56354928597453E-01  7.41573981835256E-01  4.88150157266347E-02 
 8.31831831831832E-01  8.38654345301108E-01  7.31792843731369E-01  4.72052773750428E-02 
 8.37837837837838E-01  8.20584315070782E-01  7.21592501103051E-01  4.55982056824428E-02 
 8.43843843843844E-01  8.02165540153251E-01  7.10989897961134E-01  4.39950971293066E-02 
 8.49849849849850E-01  7.83420490963883E-01  7.00004310718385E-01  4.23972868927925E-02 
 8.55855855855856E-01  7.64373588461474E-01  6.88657691910362E-01  4.08061519118240E-02 
 8.61861861861862E-01  7.45051363456640E-01  6.76974888689689E-01  3.92231148011595E-02 
 8.67867867867868E-01  7.25482639963378E-01  6.64983882125435E-01  3.76496488154565E-02 
 8.73873873873874E-01  7.05698746628293E-01  6.52716048524412E-01  3.60872841146333E-02 
 8.79879879879880E-01  6.85733760820012E-01  6.40206443477705E-01  3.45376156458118E-02 
 8.85885885885886E-01  6.65624790504234E-01  6.27494108498284E-01  3.30023130386476E-02 
 8.91891891891892E-01  6.45412299509576E-01  6.14622398829696E-01  3.14831330146226E-02 
 8.97897897897898E-01  6.25140482109660E-01  6.01639329114007E-01  2.99819349426873E-02 
 9.03903903903904E-01  6.04857617571125E-01  5.88597836796201E-01  2.85007003401277E-02 
 9.09909909909910E-01  5.84616828420998E-01  5.75556474299947E-01  2.70415573257542E-02 
 9.15915915915916E-01  5.64476279382714E-01  5.62579315480986E-01  2.56068112885312E-02 
 9.21921921921922E-01  5.44500008195666E-01  5.49736529730405E-01  2.41989833405602E-02 
 9.27927927927928E-01  5.24758560708470E-01  5.37104573869611E-01  2.28208584704370E-02 
 9.33933933933934E-01  5.05329721229301E-01  5.24766340154174E-01  2.14755456699096E-02 
 9.39939939939940E-01  4.86299265560610E-01  5.12811151855756E-01  2.01665525951605E-02 
 9.45945945945946E-01  4.67761691222764E-01  5.01334544703083E-01  1.88978773756727E-02 
 9.51951951951952E-01  4.49820851584497E-01  4.90437762152088E-01  1.76741196653672E-02 
 9.57957957957958E-01  4.32590383274303E-01  4.80226885976423E-01  1.65006113233712E-02 
 9.63963963963964E-01  4.16193769437867E-01  4.70811524719733E-01  1.53835631364161E-02 
 9.69969969969970E-01  4.00763828464999E-01  4.62302995659881E-01  1.43302160235493E-02 
 9.75975975975976E-01  3.86441367876018E-01  4.54811965679805E-01  1.33489707865690E-02 
 9.81981981981982E-01  3.73372713927472E-01  4.48445565946563E-01  1.24494472031162E-02 
 9.87987987987988E-01  3.61705847117671E-01  4.43304064109552E-01  1.16423908228836E-02 
 9.93993993993994E-01  3.51584977187605E-01  4.39477259557156E-01  1.09393114861500E-02 
 1.00000000000000E+00  3.43143608808509E-01  4.37040848769445E-01  1.03517244757127E-02 
 1.00600600600601E+00  3.36496484196796E-01  4.36053069709482E-01  9.88991678509763E-03 
 1.01201201201201E+00  3.31731190394410E-01  4.36551955788290E-01  9.56132233455928E-03 
 1.01801801801802E+00  3.28900568345028E-01  4.38553496221013E-01  9.36884762909011E-03 
 1.02402402402402E+00  3.28017198001671E-01  4.42050908567254E-01  9.30970456540373E-03 
 1.03003003003003E+00  3.29051030999935E-01  4.47015095493104E-01  9.37526255849450E-03 
 1.03603603603604E+00  3.31930695115576E-01  4.53396209533579E-01  9.55205018431975E-03 
 1.04204204204204E+00  3.36548258755156E-01  4.61126119762362E-01  9.82354263674308E-03 
 1.04804804804805E+00  3.42766574249273E-01  4.70121489229389E-01  1.01721141205303E-02 
 1.05405405405405E+00  3.50427938274978E-01  4.80287143771748E-01  1.05806372919403E-02 
 1.06006006006006E+00  3.59362796751611E-01  4.91519437204098E-01  1.10335057368835E-02 
 1.06606606606607E+00  3.69397503876327E-01  5.03709379141942E-01  1.15171122120533E-02 
 1.07207207207207E+00  3.80360560206883E-01  5.16745369650745E-01  1.20199366902967E-02 
 1.07807807807808E+00  3.92087150805002E-01  5.30515461665840E-01  1.25324085703336E-02 
 1.08408408408408E+00  4.04422092505127E-01  5.44909135820882E-01  1.30466672333797E-02 
 1.09009009009009E+00  4.17221458308719E-01  5.59818617736539E-01  1.35562976865362E-02 
 1.09609609609610E+00  4.30353199176844E-01  5.75139794976009E-01  1.40556678466652E-02 
 1.10210210210210E+00  4.43697066981381E-01  5.90772802879764E-01  1.45413663039343E-02 
 1.10810810810811E+00  4.57144091897031E-01  6.06622349615912E-01  1.50095430476998E-02 
 1.11411411411411E+00  4.70595807446678E-01  6.22597845143780E-01  1.54577968375661E-02 
 1.12012012012012E+00  4.83963360491798E-01  6.38613389704838E-01  1.58830653779722E-02 
 1.12612612612613E+00  4.97166597572951E-01  6.54587667266660E-01  1.62839299768133E-02 
 1.13213213213213E+00  5.10133184310248E-01  6.70443779506564E-01  1.66589292205978E-02 
 1.13813813813814E+00  5.22797789897105E-01  6.86109047205741E-01  1.70069041071748E-02 
 1.14414414414414E+00  5.35101352056500E-01  7.01514798639404E-01  1.73269505739920E-02 
 1.15015015015015E+00  5.46990427130370E-01  7.16596158715835E-01  1.76183815335931E-02 
 1.15615615615616E+00  5.58416623490822E-01  7.31291848106050E-01  1.78806963525795E-02 
 1.16216216216216E+00  5.69336112836848E-01  7.45543998218459E-01  1.81135561613759E-02 
 1.16816816816817E+00  5.79709212178098E-01  7.59297985398949E-01  1.83167637393067E-02 
 1.17417417417417E+00  5.89500028711160E-01  7.72502285979797E-01  1.84902469985364E-02 
 1.18018018018018E+00  5.98676159892737E-01  7.85108352591988E-01  1.86340453068530E-02 
 1.18618618618619E+00  6.07208441498939E-01  7.97070511356253E-01  1.87482980565496E-02 
 1.19219219219219E+00  6.15070737133961E-01  8.08345879069068E-01  1.88332350158384E-02 
 1.19819819819820E+00  6.22239763394181E-01  8.18894299216887E-01  1.88891680990761E-02 
 1.20420420420420E+00  6.28694945634254E-01  8.28678295521515E-01  1.89164842694124E-02 
 1.21021021021021E+00  6.34418299981582E-01  8.37663041695292E-01  1.89156393475604E-02 
 1.21621621621622E+00  6.39394337886132E-01  8.45816346132910E-01  1.88871525472242E-02 
 1.22222222222222E+00  6.43609990067691E-01  8.53108650363207E-01  1.88316015943955E-02 
 1.22822822822823E+00  6.47054547233229E-01  8.59513040212890E-01  1.87496183165574E-02 
 1.23423423423423E+00  6.49719615387940E-01  8.65005268783696E-01  1.86418846106050E-02 
 1.24024024024024E+00  6.51599083961603E-01  8.69563790508024E-01  1.85091287163593E-02 
 1.24624624624625E+00  6.52689105324480E-01  8.73169805721699E-01  1.83521217369546E-02 
 1.25225225225225E+00  6.52988084581900E-01  8.75807315374185E-01  1.81716743589204E-02 
 1.25825825825826E+00  6.52496678820858E-01  8.77463185686054E-01  1.79686337340680E-02 
 1.26426426426426E+00  6.51217805242450E-01  8.78127222761798E-01  1.77438804928085E-02 
 1.27027027027027E+00  6.49156657856550E-01  8.77792257374375E-01  1.74983258646400E-02 
 1.27627627627628E+00  6.46320732645552E-01  8.76454240358906E-01  1.72329088865357E-02 
 1.28228228228228E+00  6.42719861326977E-01  8.74112349288746E-01  1.69485936840692E-02 
 1.28828828828829E+00  6.38366254064338E-01  8.70769107360553E-01  1.66463668134981E-02 
 1.29429429429429E+00  6.33274551695322E-01  8.66430515688258E-01  1.63272346558471E-02 
 1.30030030030030E+00  6.27461888268165E-01  8.61106200500636E-01  1.59922208563806E-02 
 1.30630630630631E+00  6.20947964902121E-01  8.54809577054307E-01  1.56423638048397E-02 
 1.31231231231231E+00  6.13755136214940E-01  8.47558032411512E-01  1.52787141534966E-02 
 1.31831831831832E+00  6.05908510785597E-01  8.39373129585865E-01  1.49023323715269E-02 
 1.32432432432432E+00  5.97436067336239E-01  8.30280835919069E-01  1.45142863354441E-02 
 1.33033033033033E+00  5.88368788509979E-01  8.20311778900808E-01  1.41156489564538E-02 
 1.33633633633634E+00  5.78740814268792E-01  8.09501532953746E-01  1.37074958465703E-02 
 1.34234234234234E+00  5.68589617005049E-01  7.97890940931765E-01  1.32909030262603E-02 
 1.34834834834835E+00  5.57956200401057E-01  7.85526474154256E-01  1.28669446772483E-02 
 1.35435435435435E+00  5.46885323810788E-01  7.72460634622323E-01  1.24366909449805E-02 
 1.36036036036036E+00  5.35425753373671E-01  7.58752402488894E-01  1.20012057961317E-02 
 1.36636636636637E+00  5.23630540057840E-01  7.44467730677736E-01  1.15615449374875E-02 
 1.37237237237237E+00  5.11557323174404E-01  7.29680086480957E-01  1.11187538036023E-02 
 1.37837837837838E+00  4.99268655346391E-01  7.14471036624341E-01  1.06738656218636E-02 
 1.38438438438438E+00  4.86832341127131E-01  6.98930867171146E-01  1.02278995650817E-02 
 1.39039039039039E+00  4.74321776043893E-01  6.83159222105601E-01  9.78185900354771E-03 
 1.39639639639640E+00  4.61816265347148E-01  6.67265733755040E-01  9.33672987080755E-03 
 1.40240240240240E+00  4.49401291738852E-01  6.51370603587051E-01  8.89347916035878E-03 
 1.40840840840841E+00  4.37168688532399E-01  6.35605072675019E-01  8.45305357432027E-03 
 1.41441441441441E+00  4.25216659111560E-01  6.20111696984257E-01  8.01637835019906E-03 
 1.42042042042042E+00  4.13649565945288E-01  6.05044314202048E-01  7.58435629863074E-03 
 1.42642642642643E+00  4.02577394685850E-01  5.90567558342121E-01  7.15786709405110E-03 
 1.43243243243243E+00  3.92114784652305E-01  5.76855750548625E-01  6.73776687258987E-03 
 1.43843843843844E+00  3.82379512069813E-01  5.64090977583437E-01  6.32488820835236E-03 
 1.44444444444444E+00  3.73490324737220E-01  5.52460175389226E-01  5.92004056257272E-03 
 1.45045045045045E+00  3.65564065371790E-01  5.42151078683015E-01  5.52401133258268E-03 
 1.45645645645646E+00  3.58712093207338E-01  5.33346992964281E-01  5.13756767310248E-03 
 1.46246246246246E+00  3.53036120944334E-01  5.26220499735118E-01  4.76145932677809E-03 
 1.46846846846847E+00  3.48623716948518E-01  5.20926410365877E-01  4.39642279250477E-03 
 1.47447447447447E+00  3.45543855792258E-01  5.17594506647009E-01  4.04318729092559E-03 
 1.48048048048048E+00  3.43842995946742E-01  5.16322790487427E-01  3.70248317347067E-03 
 1.48648648648649E+00  3.43542181083884E-01  5.17172043958905E-01  3.37505368708231E-03 
 1.49249249249249E+00  3.44635574902976E-01  5.20162420832473E-01  3.06167137856732E-03 
 1.49849849849850E+00  3.47090653346135E-01  5.25272542197437E-01  2.76316092391285E-03 
 1.50450450450450E+00  3.50850033004260E-01  5.32441200487960E-01  2.48043079064379E-03 
 1.51051051051051E+00  3.55834674305502E-01  5.41571383320984E-01  2.21451676393439E-03 
 1.51651651651652E+00  3.61948024804518E-01  5.52536015365368E-01  1.96664054225361E-03 
 1.52252252252252E+00  3.69080597635650E-01  5.65184654807711E-01  1.73828505130624E-03 
 1.52852852852853E+00  3.77114512750077E-01  5.79350386317150E-01  1.53128163428131E-03 
 1.53453453453453E+00  3.85927634417119E-01  5.94856288471829E-01  1.34788601541978E-03 
 1.54054054054054E+00  3.95397076025563E-01  6.11521057334815E-01  1.19077897885160E-03 
 1.54654654654655E+00  4.05401975508347E-01  6.29163577604149E-01  1.06285919882538E-03 
 1.55255255255255E+00  4.15825548709472E-01  6.47606406362381E-01  9.66642733516745E-04 
 1.55855855855856E+00  4.26556495644264E-01  6.66678253739413E-01  9.03200959377300E-04 
 1.56456456456456E+00  4.37489868640520E-01  6.86215610474787E-01  8.71017997434344E-04 
 1.57057057057057E+00  4.48527519960052E-01  7.06063695534335E-01  8.65612608220481E-04 
 1.57657657657658E+00  4.59578238930516E-01  7.26076891775656E-01  8.80419284709732E-04 
 1.58258258258258E+00  4.70557672714169E-01  7.46118816884783E-01  9.08361259154385E-04 
 1.58858858858859E+00  4.81388106180361E-01  7.66062149824954E-01  9.43124929048950E-04 
 1.59459459459459E+00  4.91998158325955E-01  7.85788305800801E-01  9.79712125953230E-04 
 1.60060060060060E+00  5.02322437014956E-01  8.05187028430020E-01  1.01444627612049E-03 
 1.60660660660661E+00  5.12301181082874E-01  8.24155947712976E-01  1.04474371534856E-03 
 1.61261261261261E+00  5.21879909025762E-01  8.42600136645330E-01  1.06884788070165E-03 
 1.61861861861862E+00  5.31009086208434E-01  8.60431687494162E-01  1.08560439153813E-03 
 1.62462462462462E+00  5.39643818556738E-01  8.77569322114368E-01  1.09429204277619E-03 
 1.63063063063063E+00  5.47743567973151E-01  8.93938030576890E-01  1.09450204427414E-03 
 1.63663663663664E+00  5.55271910849244E-01  9.09468772348778E-01  1.08605330411820E-03 
 1.64264264264264E+00  5.62196310146994E-01  9.24098195540041E-01  1.06893307885796E-03 
 1.64864864864865E+00  5.68487921681142E-01  9.37768406657698E-01  1.04325504265314E-03 
 1.65465465465465E+00  5.74121423181418E-01  9.50426773899680E-01  1.00922922977445E-03 
 1.66066066066066E+00  5.79074865329299E-01  9.62025763156223E-01  9.67140084278298E-04 
 1.66666666666667E+00  5.83329542375075E-01  9.72522803347505E-01  9.17330082017165E-04 
 1.67267267267267E+00  5.86869880049314E-01  9.81880177811960E-01  8.60187218202326E-04 
 1.67867867867868E+00  5.89683338659371E-01  9.90064938670710E-01  7.96135204966882E-04 
 1.68468468468468E+00  5.91760329474314E-01  9.97048841376169E-01  7.25625590159387E-04 
 1.69069069069069E+00  5.93094142729956E-01  1.00280829697206E+00  6.49131253848674E-04 
 1.69669669669670E+00  5.93680885816479E-01  1.00732433992548E+00  5.67140904308545E-04 
 1.70270270270270E+00  5.93519430436791E-01  1.01058260972521E+00  4.80154307722736E-04 
 1.70870870870871E+00  5.92611367740105E-01  1.01257334476707E+00  3.88678063189852E-04 
 1.71471471471471E+00  5.90960970640481E-01  1.01329138736187E+00  2.93221788380624E-04 
 1.72072072072072E+00  5.88575162723602E-01  1.01273619900426E+00  1.94294619011606E-04 
 1.72672672672673E+00  5.85463493327383E-01  1.01091188532951E+00  9.24019522055321E-05 
 1.73273273273273E+00  5.81638128456559E-01  1.00782724762836E+00  1.19576168060607E-05 
 1.73873873873874E+00  5.77113798370761E-01  1.00349575860160E+00  1.18295201020410E-04 
 1.74474474474474E+00  5.71907848705328E-01  9.97935716418653E-01  2.26134396908626E-04 
 1.75075075075075E+00  5.66040200905305E-01  9.91170241699026E-01  3.35013946470960E-04 
 1.75675675675676E+00  5.59533367101825E-01  9.83227367900711E-01  4.44490297818061E-04 
 1.76276276276276E+00  5.52412462397077E-01  9.74140126917465E-01  5.54140071024048E-04 
 1.76876876876877E+00  5.44705224596116E-01  9.63946647261176E-01  6.63562431842711E-04 
 1.77477477477477E+00  5.36442041975547E-01  9.52690265943668E-01  7.72381372226788E-04 
 1.78078078078078E+00  5.27655989688357E-01  9.40419655191029E-01  8.80247893213276E-04 
 1.78678678678679E+00  5.18382875347502E-01  9.27188965027053E-01  9.86842082450169E-04 
 1.79279279279279E+00  5.08661294180480E-01  9.13057982501408E-01  1.09187507529895E-03 
 1.79879879879880E+00  4.98532693865133E-01  8.98092307845246E-01  1.19509088494479E-03 
 1.80480480480480E+00  4.88041448692247E-01  8.82363547022346E-01  1.29626808320024E-03 
 1.81081081081081E+00  4.77234941985867E-01  8.65949518889054E-01  1.39522130965792E-03 
 1.81681681681682E+00  4.66163654660938E-01  8.48934473329445E-01  1.49180258252480E-03 
 1.82282282282282E+00  4.54881256302209E-01  8.31409314104912E-01  1.58590237990334E-03 
 1.82882882882883E+00  4.43444680400625E-01  8.13471794526027E-01  1.67745045557989E-03 
 1.83483483483483E+00  4.31914249236185E-01  7.95226799487619E-01  1.76641634872351E-03 
 1.84084084084084E+00  4.20353656530495E-01  7.76786380806919E-01  1.85280954256705E-03 
 1.84684684684685E+00  4.08830023972592E-01  7.58269920539971E-01  1.93667922352024E-03 
 1.85285285285285E+00  3.97413839379636E-01  7.39804088379306E-01  2.01811358974464E-03 
 1.85885885885886E+00  3.86178813302253E-01  7.21522656404552E-01  2.09723865761174E-03 
 1.86486486486486E+00  3.75201606956921E-01  7.03566088525061E-01  2.17421651635811E-03 
 1.87087087087087E+00  3.64561387972460E-01  6.86080827643516E-01  2.24924298639301E-03 
 1.87687687687688E+00  3.54339164894625E-01  6.69218192999504E-01  2.32254464582507E-03 
 1.88288288288288E+00  3.44616849475557E-01  6.53132795264506E-01  2.39437520346311E-03 
 1.88888888888889E+00  3.35476000307822E-01  6.37980382408219E-01  2.46501121517500E-03 
 1.89489489489489E+00  3.26996215652832E-01  6.23915050690479E-01  2.53474716404205E-03 
 1.90090090090090E+00  3.19253170447571E-01  6.11085797756146E-01  2.60388995268663E-03 
 1.90690690690691E+00  3.12316334075463E-01  5.99632462073355E-01  2.67275288732162E-03 
 1.91291291291291E+00  3.06246460028659E-01  5.89681183487959E-01  2.74164926564861E-03 
 1.91891891891892E+00  3.01092999767975E-01  5.81339624643606E-01  2.81088571229422E-03 
 1.92492492492492E+00  2.96891649200092E-01  5.74692294723279E-01  2.88075543317105E-03 
 1.93093093093093E+00  2.93662271614110E-01  5.69796390413253E-01  2.95153158100796E-03 
 1.93693693693694E+00  2.91407440258137E-01  5.66678587705575E-01  3.02346093560982E-03 
 1.94294294294294E+00  2.90111815798796E-01  5.65333203481728E-01  3.09675810216808E-03 
 1.94894894894895E+00  2.89742362513373E-01  5.65721741804378E-01  3.17160041821587E-03 
 1.95495495495495E+00  2.90249652617436E-01  5.67774460510695E-01  3.24812373498526E-03 
 1.96096096096096E+00  2.91569803573968E-01  5.71393079691250E-01  3.32641920372946E-03 
 1.96696696696697E+00  2.93627077163425E-01  5.76454864144351E-01  3.40653115494119E-03 
 1.97297297297297E+00  2.96336783460513E-01  5.82817447352975E-01  3.48845611206090E-03 
 1.97897897897898E+00  2.99608265860207E-01  5.90324020541688E-01  3.57214293521986E-03 
 1.98498498498498E+00  3.03347604627302E-01  5.98808216266436E-01  3.65749404855200E-03 
 1.99099099099099E+00  3.07460233403620E-01  6.08099014908503E-01  3.74436766964171E-03 
 1.99699699699700E+00  3.11852900405796E-01  6.18024586219572E-01  3.83258093373237E-03 
 2.00300300300300E+00  3.16435308808945E-01  6.28415631004783E-01  3.92191378922330E-03 
 2.00900900900901E+00  3.21121307473531E-01  6.39107942914618E-01  4.01211353448188E-03 
 2.01501501501502E+00  3.25829704754930E-01  6.49944288350590E-01  4.10289986796917E-03 
 2.02102102102102E+00  3.30484767886231E-01  6.60775694115293E-01  4.19397033243665E-03 
 2.02702702702703E+00  3.35016473554322E-01  6.71462247778044E-01  4.28500604753119E-03 
 2.03303303303303E+00  3.39360571008568E-01  6.81873515651981E-01  4.37567397053766E-03 
 2.03903903903904E+00  3.43458510790969E-01  6.91888673771763E-01  4.46564742153626E-03 
 2.04504504504505E+00  3.47257241716400E-01  7.01396337440163E-01  4.55459095218858E-03 
 2.05105105105105E+00  3.50709157026615E-01  7.10294735076882E-01  4.64218033375762E-03 
 2.05705705705706E+00  3.53771702157742E-01  7.18491106067211E-01  4.72810537284648E-03 
 2.06306306306306E+00  3.56406851792560E-01  7.25900610117865E-01  4.81207607860845E-03 
 2.06906906906907E+00  3.58581423016671E-01  7.32447504501823E-01  4.89382881587178E-03 
 2.07507507507508E+00  3.60266414243868E-01  7.38063687229211E-01  4.97313244061035E-03 
 2.08108108108108E+00  3.61436857072222E-01  7.42688586773040E-01  5.04979441477815E-03 
 2.08708708708709E+00  3.62071585228772E-01  7.46268805613381E-01  5.12366689449469E-03 
 2.09309309309309E+00  3.62153019779160E-01  7.48757784466509E-01  5.19465277871609E-03 
 2.09909909909910E+00  3.61666970715361E-01  7.50115489073766E-01  5.26271169458382E-03 
 2.10510510510511E+00  3.60602454370899E-01  7.50308119785947E-01  5.32786588026363E-03 
 2.11111111111111E+00  3.58951525733536E-01  7.49307843129533E-01  5.39020590590610E-03 
 2.11711711711712E+00  3.56709124548274E-01  7.47092543920870E-01  5.44989614803018E-03 
 2.12312312312312E+00  3.53872934068519E-01  7.43645596182250E-01  5.50717990197377E-03 
 2.12912912912913E+00  3.50443251377902E-01  7.38955651019654E-01  5.56238398119762E-03 
 2.13513513513514E+00  3.46422868340857E-01  7.33016439681297E-01  5.61592261185317E-03 
 2.14114114114114E+00  3.41816962428857E-01  7.25826590184542E-01  5.66830038764073E-03 
 2.14714714714715E+00  3.36632996902233E-01  7.17389456147349E-01  5.72011400625796E-03 
 2.15315315315315E+00  3.30880630103200E-01  7.07712956773052E-01  5.77205246880609E-03 
 2.15915915915916E+00  3.24571633939689E-01  6.96809427308620E-01  5.82489539323187E-03 
 2.16516516516517E+00  3.17719822024559E-01  6.84695479730887E-01  5.87950907981259E-03 
 2.17117117117117E+00  3.10340988401954E-01  6.71391873926908E-01  5.93683997981502E-03 
 2.17717717717718E+00  3.02452858374252E-01  6.56923400249606E-01  5.99790526725997E-03 
 2.18318318318318E+00  2.94075053686110E-01  6.41318775088715E-01  6.06378030665570E-03 
 2.18918918918919E+00  2.85228985602148E-01  6.24610402744053E-01  6.13558295182468E-03 
 2.19519519519520E+00  2.75938212575344E-01  6.06834893092490E-01  6.21445480185772E-03 
 2.20120120120120E+00  2.66227952708369E-01  5.88032150994515E-01  6.30153977069492E-03 
 2.20720720720721E+00  2.56125496357571E-01  5.68245933684595E-01  6.39796057781473E-03 
 2.21321321321321E+00  2.45660241733046E-01  5.47523743121859E-01  6.50479401043203E-03 
 2.21921921921922E+00  2.34863881455387E-01  5.25916918190276E-01  6.62304600743267E-03 
 2.22522522522523E+00  2.23770680117974E-01  5.03480808970555E-01  6.75362773642427E-03 
 2.23123123123123E+00  2.12417877758651E-01  4.80275065424451E-01  6.89733384932812E-03 
 2.23723723723724E+00  2.00846269739829E-01  4.56364087800572E-01  7.05482399521720E-03 
 2.24324324324324E+00  1.89101036857251E-01  4.31817709044298E-01  7.22660844775899E-03 
 2.24924924924925E+00  1.77232934591382E-01  4.06712215418539E-01  7.41303839510779E-03 
 2.25525525525526E+00  1.65300003286161E-01  3.81131868802945E-01  7.61430108438179E-03 
 2.26126126126126E+00  1.53370040050495E-01  3.55171187189916E-01  7.83041965969892E-03 
 2.26726726726727E+00  1.41524188232362E-01  3.28938394000384E-01  8.06125722730725E-03 
 2.27327327327327E+00  1.29862157412808E-01  3.02560706505911E-01  8.30652445661581E-03 
 2.27927927927928E+00  1.18509768114201E-01  2.76192576926212E-01  8.56578989782973E-03 
 2.28528528528529E+00  1.07629618219589E-01  2.50028759221020E-01  8.83849216409919E-03 
 2.29129129129129E+00  9.74353443084942E-02  2.24325352757640E-01  9.12395317365853E-03 
 2.29729729729730E+00  8.82082605537061E-02  1.99433978386555E-01  9.42139011388564E-03 
 2.30330330330330E+00  8.03101457404084E-02  1.75856706966329E-01  9.72993168681012E-03 
 2.30930930930931E+00  7.41754976703210E-02  1.54329439293367E-01  1.00486324695664E-02 
 2.31531531531532E+00  7.02549319061292E-02  1.35926783302613E-01  1.03764798226906E-02 
 2.32132132132132E+00  6.88924385581599E-02  1.22117957804963E-01  1.07124069387923E-02 
 2.32732732732733E+00  7.01821631804190E-02  1.14564190484138E-01  1.10553025897575E-02 
 2.33333333333333E+00  7.39146820077620E-02  1.14436401126668E-01  1.14040197952765E-02 
 2.33933933933934E+00  7.96655788664401E-02  1.21631665646118E-01  1.17573834814839E-02 
 2.34534534534535E+00  8.69463317915886E-02  1.34821073425788E-01  1.21141972288468E-02 
 2.35135135135135E+00  9.53140138284224E-02  1.52270811269203E-01  1.24732492233742E-02 
 2.35735735735736E+00  1.04412863990624E-01  1.72495362120989E-01  1.28333175288088E-02 
 2.36336336336336E+00  1.13972991981455E-01  1.94426478289626E-01  1.31931747932729E-02 
 2.36936936936937E+00  1.23793690858040E-01  2.17341492403168E-01  1.35515993917880E-02 
 2.37537537537538E+00  1.33725541380602E-01  2.40753522770893E-01  1.39073481163712E-02 
 2.38138138138138E+00  1.43655937276834E-01  2.64327052390199E-01  1.42592118692876E-02 
 2.38738738738739E+00  1.53498525136104E-01  2.87822985410255E-01  1.46059810264341E-02 
 2.39339339339339E+00  1.63185816342979E-01  3.11064624888730E-01  1.49464588301475E-02 
 2.39939939939940E+00  1.72664091911504E-01  3.33916746317490E-01  1.52794644543539E-02 
 2.40540540540541E+00  1.81889890762137E-01  3.56272583147201E-01  1.56038359826332E-02 
 2.41141141141141E+00  1.90827573458608E-01  3.78045583934697E-01  1.59184333269771E-02 
 2.41741741741742E+00  1.99447614520684E-01  3.99164082635481E-01  1.62221411082945E-02 
 2.42342342342342E+00  2.07725390593663E-01  4.19567779626978E-01  1.65138715141877E-02 
 2.42942942942943E+00  2.15640308865762E-01  4.39205370692518E-01  1.67925671450545E-02 
 2.43543543543544E+00  2.23175171251986E-01  4.58032918207344E-01  1.70572038560411E-02 
 2.44144144144144E+00  2.30315703619549E-01  4.76012711129669E-01  1.73067935996717E-02 
 2.44744744744745E+00  2.37050201690060E-01  4.93112452341588E-01  1.75403872719807E-02 
 2.45345345345345E+00  2.43369260174808E-01  5.09304668440824E-01  1.77570775636054E-02 
 2.45945945945946E+00  2.49265371568771E-01  5.24565495324190E-01  1.79560018164599E-02 
 2.46546546546547E+00  2.54733515537377E-01  5.38877438614270E-01  1.81363448862610E-02 
 2.47147147147147E+00  2.59769896149700E-01  5.52224521817903E-01  1.82973420112552E-02 
 2.47747747747748E+00  2.64372571210577E-01  5.64595108175249E-01  1.84382816879749E-02 
 2.48348348348348E+00  2.68541172381615E-01  5.75980986355024E-01  1.85585085557194E-02 
 2.48948948948949E+00  2.72276820605250E-01  5.86377227245297E-01  1.86574262926900E-02 
 2.49549549549550E+00  2.75582050229566E-01  5.95782057903524E-01  1.87345005283386E-02 
 2.50150150150150E+00  2.78460739294668E-01  6.04196746817731E-01  1.87892617785089E-02 
 2.50750750750751E+00  2.80918044073404E-01  6.11625496193266E-01  1.88213084124147E-02 
 2.51351351351351E+00  2.82960336427136E-01  6.18075338106392E-01  1.88303096634297E-02 
 2.51951951951952E+00  2.84595196894750E-01  6.23556243948943E-01  1.88160086991308E-02 
 2.52552552552553E+00  2.85831108942268E-01  6.28080046456391E-01  1.87782257700993E-02 
 2.53153153153153E+00  2.86677811855746E-01  6.31661988796977E-01  1.87168614617196E-02 
 2.53753753753754E+00  2.87145937499912E-01  6.34319395186121E-01  1.86319000787147E-02 
 2.54354354354354E+00  2.87247032134732E-01  6.36071894997837E-01  1.85234131985183E-02 
 2.54954954954955E+00  2.86993495004622E-01  6.36941309505489E-01  1.83915634368994E-02 
 2.55555555555556E+00  2.86398515882474E-01  6.36951534710578E-01  1.82366084776255E-02 
 2.56156156156156E+00  2.85476011420249E-01  6.36128420056071E-01  1.80589054274469E-02 
 2.56756756756757E+00  2.84240560199702E-01  6.34499642913905E-01  1.78589155683403E-02 
 2.57357357357357E+00  2.82707973869759E-01  6.32095700569695E-01  1.76372095907088E-02 
 2.57957957957958E+00  2.80892685321411E-01  6.28945299555244E-01  1.73944734039275E-02 
 2.58558558558559E+00  2.78811483531328E-01  6.25081911602260E-01  1.71315146338192E-02 
 2.59159159159159E+00  2.76480917991423E-01  6.20539187467196E-01  1.68492699295974E-02 
 2.59759759759760E+00  2.73917854375264E-01  6.15351915754279E-01  1.65488132142016E-02 
 2.60360360360360E+00  2.71139401031681E-01  6.09555872898629E-01  1.62313650196263E-02 
 2.60960960960961E+00  2.68162196886884E-01  6.03186530629946E-01  1.58983030494507E-02 
 2.61561561561562E+00  2.65004885063011E-01  5.96283448775631E-01  1.55511740991259E-02 
 2.62162162162162E+00  2.61684206734277E-01  5.88883293135844E-01  1.51917074329781E-02 
 2.62762762762763E+00  2.58217478988035E-01  5.81024221589657E-01  1.48218296541141E-02 
 2.63363363363363E+00  2.54621875969481E-01  5.72744581654152E-01  1.44436809936112E-02 
 2.63963963963964E+00  2.50914349216623E-01  5.64082743344073E-01  1.40596327668399E-02 
 2.64564564564565E+00  2.47111547701939E-01  5.55076930434184E-01  1.36723054691706E-02 
 2.65165165165165E+00  2.43229737946815E-01  5.45765050648005E-01  1.32845865760091E-02 
 2.65765765765766E+00  2.39284724653931E-01  5.36184525384763E-01  1.28996465350874E-02 
 2.66366366366366E+00  2.35291772390748E-01  5.26372119700413E-01  1.25209506589142E-02 
 2.66966966966967E+00  2.31265528952839E-01  5.16363773379459E-01  1.21522636302844E-02 
 2.67567567567568E+00  2.27219951136451E-01  5.06194434072683E-01  1.17976421622965E-02 
 2.68168168168168E+00  2.23168233751998E-01  4.95897893630875E-01  1.14614101396501E-02 
 2.68768768768769E+00  2.19122742809617E-01  4.85506628935245E-01  1.11481095928123E-02 
 2.69369369369369E+00  2.15094953898627E-01  4.75051648707651E-01  1.08624205995483E-02 
 2.69969969969970E+00  2.11095396858273E-01  4.64562347974134E-01  1.06090443379695E-02 
 2.70570570570571E+00  2.07133607889942E-01  4.54066372046461E-01  1.03925467639744E-02 
 2.71171171171171E+00  2.03218090283542E-01  4.43589492070268E-01  1.02171662369596E-02 
 2.71771771771772E+00  1.99356284915622E-01  4.33155494354928E-01  1.00865820737801E-02 
 2.72372372372372E+00  1.95554428499553E-01  4.22785177385117E-01  1.00037638150395E-02 
 2.72972972972973E+00  1.91818015190188E-01  4.12499742347035E-01  9.97065075783447E-03 
 2.73573573573574E+00  1.88151132378480E-01  4.02315765838377E-01  9.98810297399640E-03 
 2.74174174174174E+00  1.84556907498002E-01  3.92248348219690E-01  1.00557809080650E-02 
 2.74774774774775E+00  1.81037438406531E-01  3.82310343928847E-01  1.01722768801400E-02 
 2.75375375375375E+00  1.77593840048013E-01  3.72512384033967E-01  1.03350768880452E-02 
 2.75975975975976E+00  1.74226304606394E-01  3.62862928641737E-01  1.05408239919770E-02 
 2.76576576576577E+00  1.70931620428201E-01  3.53360376627773E-01  1.07855112184538E-02 
 2.77177177177177E+00  1.67716435272810E-01  3.44035851486820E-01  1.10647019359668E-02 
 2.77777777777778E+00  1.64570224805683E-01  3.34862691612222E-01  1.13737341454242E-02 
 2.78378378378378E+00  1.61493251126859E-01  3.25852322147347E-01  1.17078931876631E-02 
 2.78978978978979E+00  1.58482407704704E-01  3.17004251860660E-01  1.20625461647653E-02 
 2.79579579579580E+00  1.55534255648186E-01  3.08316811195731E-01  1.24332383067907E-02 
 2.80180180180180E+00  1.52645146059482E-01  2.99787428895029E-01  1.28157558553352E-02 
 2.80780780780781E+00  1.49811344223584E-01  2.91412936798845E-01  1.32061620051356E-02 
 2.81381381381381E+00  1.47029153714352E-01  2.83189900690352E-01  1.36008127133092E-02 
 2.81981981981982E+00  1.44295038597981E-01  2.75114974914155E-01  1.39963584686318E-02 
 2.82582582582583E+00  1.41605742059739E-01  2.67185278465816E-01  1.43897369737028E-02 
 2.83183183183183E+00  1.38958399952641E-01  2.59398790306393E-01  1.47781604926553E-02 
 2.83783783783784E+00  1.36350647950137E-01  2.51754761743900E-01  1.51591005467864E-02 
 2.84384384384384E+00  1.33780721160758E-01  2.44254143752961E-01  1.55302717737106E-02 
 2.84984984984985E+00  1.31247545213426E-01  2.36900026942800E-01  1.58896161084259E-02 
 2.85585585585586E+00  1.28750817931077E-01  2.29698091346465E-01  1.62352879709835E-02 
 2.86186186186186E+00  1.26291080762917E-01  2.22657062042285E-01  1.65656408184716E-02 
 2.86786786786787E+00  1.23869779130009E-01  2.15789164510467E-01  1.68792152025448E-02 
 2.87387387387387E+00  1.21489310746595E-01  2.09110570177182E-01  1.71747283368394E-02 
 2.87987987987988E+00  1.19153060806710E-01  2.02641817352522E-01  1.74510650970109E-02 
 2.88588588588589E+00  1.16865422674544E-01  1.96408185272250E-01  1.77072703316840E-02 
 2.89189189189189E+00  1.14631802398224E-01  1.90439988874298E-01  1.79425423422820E-02 
 2.89789789789790E+00  1.12458605001811E-01  1.84772749301725E-01  1.81562273844195E-02 
 2.90390390390390E+00  1.10353200135491E-01  1.79447180675740E-01  1.83478150471020E-02 
 2.90990990990991E+00  1.08323864333309E-01  1.74508919428198E-01  1.85169343742575E-02 
 2.91591591591592E+00  1.06379696916093E-01  1.70007912254489E-01  1.86633506034301E-02 
 2.92192192192192E+00  1.04530506580809E-01  1.65997378570482E-01  1.87869624070576E-02 
 2.92792792792793E+00  1.02786666050193E-01  1.62532281079706E-01  1.88877995315572E-02 
 2.93393393393393E+00  1.01158932939438E-01  1.59667281541208E-01  1.89660207377605E-02 
 2.93993993993994E+00  9.96582363389167E-02  1.57454232185103E-01  1.90219119526616E-02 
 2.94594594594595E+00  9.82954305811360E-02  1.55939351559361E-01  1.90558845466967E-02 
 2.95195195195195E+00  9.70810202454256E-02  1.55160338580089E-01  1.90684736526789E-02 
 2.95795795795796E+00  9.60248635272017E-02  1.55143758882058E-01  1.90603364419581E-02 
 2.96396396396396E+00  9.51358643869210E-02  1.55903057812239E-01  1.90322502702449E-02 
 2.96996996996997E+00  9.44216669772187E-02  1.57437491408925E-01  1.89851105998142E-02 
 2.97597597597598E+00  9.38883681979324E-02  1.59732125337666E-01  1.89199285964426E-02 
 2.98198198198198E+00  9.35402653008108E-02  1.62758868752864E-01  1.88378282885523E-02 
 2.98798798798799E+00  9.33796548169161E-02  1.66478340201355E-01  1.87400431628161E-02 
 2.99399399399399E+00  9.34066965078848E-02  1.70842254118734E-01  1.86279120553318E-02 
 3.00000000000000E+00  9.36190165185786E-02  1.75793858626370E-01  1.85028741810724E-02 
